
mid_x = 0, mid_y = 1
cotalpha = 0.009596, cotbeta = 1.221168
pix[0].adc = 34579, pix.x = 75, pix.y = 270, irow = 0, icol = 0
pix[1].adc = 36524, pix.x = 75, pix.y = 271, irow = 0, icol = 1
pix[2].adc = 6659, pix.x = 76, pix.y = 272, irow = 1, icol = 2
trk_lp_x = -0.056972, trk_lp_y = 0.999947
0 0 0 0 0 0 0 0 0 0 0 0 0 0 0 0 0 0 0 0 0
0 0 0 0 0 0 0 0 0 0 0 0 0 0 0 0 0 0 0 0 0
0 0 0 0 0 0 0 0 0 0 0 0 0 0 0 0 0 0 0 0 0
0 0 0 0 0 0 0 0 0 0 0 0 0 0 0 0 0 0 0 0 0
0 0 0 0 0 0 0 0 0 0 0 0 0 0 0 0 0 0 0 0 0
0 0 0 0 0 0 0 0 0 0 0 0 0 0 0 0 0 0 0 0 0
0 0 0 0 0 0 0 0 0 34579 36524 0 0 0 0 0 0 0 0 0 0
0 0 0 0 0 0 0 0 0 0 0 6659 0 0 0 0 0 0 0 0 0
0 0 0 0 0 0 0 0 0 0 0 0 0 0 0 0 0 0 0 0 0
0 0 0 0 0 0 0 0 0 0 0 0 0 0 0 0 0 0 0 0 0
0 0 0 0 0 0 0 0 0 0 0 0 0 0 0 0 0 0 0 0 0
0 0 0 0 0 0 0 0 0 0 0 0 0 0 0 0 0 0 0 0 0
0 0 0 0 0 0 0 0 0 0 0 0 0 0 0 0 0 0 0 0 0
Generic position: -31.931438
 1dcnn position: -42.690076
 simhit_x = -14.298223 -9989450.073242 -9989450.073242 -9989450.073242 -9989450.073242 -9989450.073242 -9989450.073242 -9989450.073242 -9989450.073242 -9989450.073242
mid_x = 1, mid_y = 1
cotalpha = 0.012053, cotbeta = 1.221247
pix[0].adc = 3821, pix.x = 103, pix.y = 225, irow = 0, icol = 0
pix[1].adc = 8636, pix.x = 104, pix.y = 225, irow = 1, icol = 0
pix[2].adc = 16254, pix.x = 104, pix.y = 226, irow = 1, icol = 1
pix[3].adc = 13010, pix.x = 104, pix.y = 227, irow = 1, icol = 2
trk_lp_x = 0.249752, trk_lp_y = 0.292850
0 0 0 0 0 0 0 0 0 0 0 0 0 0 0 0 0 0 0 0 0
0 0 0 0 0 0 0 0 0 0 0 0 0 0 0 0 0 0 0 0 0
0 0 0 0 0 0 0 0 0 0 0 0 0 0 0 0 0 0 0 0 0
0 0 0 0 0 0 0 0 0 0 0 0 0 0 0 0 0 0 0 0 0
0 0 0 0 0 0 0 0 0 0 0 0 0 0 0 0 0 0 0 0 0
0 0 0 0 0 0 0 0 0 3821 0 0 0 0 0 0 0 0 0 0 0
0 0 0 0 0 0 0 0 0 8636 16254 13010 0 0 0 0 0 0 0 0 0
0 0 0 0 0 0 0 0 0 0 0 0 0 0 0 0 0 0 0 0 0
0 0 0 0 0 0 0 0 0 0 0 0 0 0 0 0 0 0 0 0 0
0 0 0 0 0 0 0 0 0 0 0 0 0 0 0 0 0 0 0 0 0
0 0 0 0 0 0 0 0 0 0 0 0 0 0 0 0 0 0 0 0 0
0 0 0 0 0 0 0 0 0 0 0 0 0 0 0 0 0 0 0 0 0
0 0 0 0 0 0 0 0 0 0 0 0 0 0 0 0 0 0 0 0 0
Generic position: 36.538392
 1dcnn position: 40.363222
 simhit_x = 41.580945 -9992449.951172 -9992449.951172 -9992449.951172 -9992449.951172 -9992449.951172 -9992449.951172 -9992449.951172 -9992449.951172 -9992449.951172
Begin processing the 2nd record. Run 1, Event 2, LumiSection 1 on stream 0 at 21-Jul-2021 23:46:20.582 CDT
mid_x = 1, mid_y = 1
cotalpha = -0.012453, cotbeta = 1.540603
pix[0].adc = 6984, pix.x = 75, pix.y = 202, irow = 0, icol = 0
pix[1].adc = 5738, pix.x = 76, pix.y = 202, irow = 1, icol = 0
pix[2].adc = 35333, pix.x = 76, pix.y = 203, irow = 1, icol = 1
pix[3].adc = 14980, pix.x = 76, pix.y = 204, irow = 1, icol = 2
trk_lp_x = -0.052102, trk_lp_y = -0.085191
0 0 0 0 0 0 0 0 0 0 0 0 0 0 0 0 0 0 0 0 0
0 0 0 0 0 0 0 0 0 0 0 0 0 0 0 0 0 0 0 0 0
0 0 0 0 0 0 0 0 0 0 0 0 0 0 0 0 0 0 0 0 0
0 0 0 0 0 0 0 0 0 0 0 0 0 0 0 0 0 0 0 0 0
0 0 0 0 0 0 0 0 0 0 0 0 0 0 0 0 0 0 0 0 0
0 0 0 0 0 0 0 0 0 6984 0 0 0 0 0 0 0 0 0 0 0
0 0 0 0 0 0 0 0 0 5738 35333 14980 0 0 0 0 0 0 0 0 0
0 0 0 0 0 0 0 0 0 0 0 0 0 0 0 0 0 0 0 0 0
0 0 0 0 0 0 0 0 0 0 0 0 0 0 0 0 0 0 0 0 0
0 0 0 0 0 0 0 0 0 0 0 0 0 0 0 0 0 0 0 0 0
0 0 0 0 0 0 0 0 0 0 0 0 0 0 0 0 0 0 0 0 0
0 0 0 0 0 0 0 0 0 0 0 0 0 0 0 0 0 0 0 0 0
0 0 0 0 0 0 0 0 0 0 0 0 0 0 0 0 0 0 0 0 0
Generic position: 34.999177
 1dcnn position: 37.814453
 simhit_x = 28.162785 -9989450.073242 -9989450.073242 -9989450.073242 -9989450.073242 -9989450.073242 -9989450.073242 -9989450.073242 -9989450.073242 -9989450.073242
mid_x = 0, mid_y = 2
cotalpha = -0.030536, cotbeta = 1.541201
pix[0].adc = 3799, pix.x = 50, pix.y = 176, irow = 0, icol = 0
pix[1].adc = 17395, pix.x = 50, pix.y = 177, irow = 0, icol = 1
pix[2].adc = 22868, pix.x = 50, pix.y = 178, irow = 0, icol = 2
pix[3].adc = 15435, pix.x = 51, pix.y = 179, irow = 1, icol = 3
trk_lp_x = -0.306817, trk_lp_y = -0.460154
0 0 0 0 0 0 0 0 0 0 0 0 0 0 0 0 0 0 0 0 0
0 0 0 0 0 0 0 0 0 0 0 0 0 0 0 0 0 0 0 0 0
0 0 0 0 0 0 0 0 0 0 0 0 0 0 0 0 0 0 0 0 0
0 0 0 0 0 0 0 0 0 0 0 0 0 0 0 0 0 0 0 0 0
0 0 0 0 0 0 0 0 0 0 0 0 0 0 0 0 0 0 0 0 0
0 0 0 0 0 0 0 0 0 0 0 0 0 0 0 0 0 0 0 0 0
0 0 0 0 0 0 0 0 3799 17395 22868 0 0 0 0 0 0 0 0 0 0
0 0 0 0 0 0 0 0 0 0 0 15435 0 0 0 0 0 0 0 0 0
0 0 0 0 0 0 0 0 0 0 0 0 0 0 0 0 0 0 0 0 0
0 0 0 0 0 0 0 0 0 0 0 0 0 0 0 0 0 0 0 0 0
0 0 0 0 0 0 0 0 0 0 0 0 0 0 0 0 0 0 0 0 0
0 0 0 0 0 0 0 0 0 0 0 0 0 0 0 0 0 0 0 0 0
0 0 0 0 0 0 0 0 0 0 0 0 0 0 0 0 0 0 0 0 0
Generic position: -16.010106
 1dcnn position: -23.618937
 simhit_x = -21.388531 -9986950.073242 -9986950.073242 -9986950.073242 -9986950.073242 -9986950.073242 -9986950.073242 -9986950.073242 -9986950.073242 -9986950.073242
mid_x = 1, mid_y = 2
cotalpha = 0.020216, cotbeta = -1.540800
pix[0].adc = 2537, pix.x = 47, pix.y = 218, irow = 1, icol = 0
pix[1].adc = 14194, pix.x = 47, pix.y = 219, irow = 1, icol = 1
pix[2].adc = 10404, pix.x = 47, pix.y = 220, irow = 1, icol = 2
pix[3].adc = 9004, pix.x = 46, pix.y = 221, irow = 0, icol = 3
trk_lp_x = -0.342844, trk_lp_y = 0.199905
0 0 0 0 0 0 0 0 0 0 0 0 0 0 0 0 0 0 0 0 0
0 0 0 0 0 0 0 0 0 0 0 0 0 0 0 0 0 0 0 0 0
0 0 0 0 0 0 0 0 0 0 0 0 0 0 0 0 0 0 0 0 0
0 0 0 0 0 0 0 0 0 0 0 0 0 0 0 0 0 0 0 0 0
0 0 0 0 0 0 0 0 0 0 0 0 0 0 0 0 0 0 0 0 0
0 0 0 0 0 0 0 0 0 0 0 9004 0 0 0 0 0 0 0 0 0
0 0 0 0 0 0 0 0 2537 14194 10404 0 0 0 0 0 0 0 0 0 0
0 0 0 0 0 0 0 0 0 0 0 0 0 0 0 0 0 0 0 0 0
0 0 0 0 0 0 0 0 0 0 0 0 0 0 0 0 0 0 0 0 0
0 0 0 0 0 0 0 0 0 0 0 0 0 0 0 0 0 0 0 0 0
0 0 0 0 0 0 0 0 0 0 0 0 0 0 0 0 0 0 0 0 0
0 0 0 0 0 0 0 0 0 0 0 0 0 0 0 0 0 0 0 0 0
0 0 0 0 0 0 0 0 0 0 0 0 0 0 0 0 0 0 0 0 0
Generic position: 20.791292
 1dcnn position: 26.640296
 simhit_x = 27.103424 -9986550.292969 -9986550.292969 -9986550.292969 -9986550.292969 -9986550.292969 -9986550.292969 -9986550.292969 -9986550.292969 -9986550.292969
mid_x = 1, mid_y = 2
cotalpha = -0.014133, cotbeta = -1.539899
pix[0].adc = 3448, pix.x = 68, pix.y = 119, irow = 1, icol = 0
pix[1].adc = 17791, pix.x = 68, pix.y = 120, irow = 1, icol = 1
pix[2].adc = 17594, pix.x = 68, pix.y = 121, irow = 1, icol = 2
pix[3].adc = 9230, pix.x = 67, pix.y = 122, irow = 0, icol = 3
trk_lp_x = -0.132012, trk_lp_y = -1.346849
0 0 0 0 0 0 0 0 0 0 0 0 0 0 0 0 0 0 0 0 0
0 0 0 0 0 0 0 0 0 0 0 0 0 0 0 0 0 0 0 0 0
0 0 0 0 0 0 0 0 0 0 0 0 0 0 0 0 0 0 0 0 0
0 0 0 0 0 0 0 0 0 0 0 0 0 0 0 0 0 0 0 0 0
0 0 0 0 0 0 0 0 0 0 0 0 0 0 0 0 0 0 0 0 0
0 0 0 0 0 0 0 0 0 0 0 9230 0 0 0 0 0 0 0 0 0
0 0 0 0 0 0 0 0 3448 17791 17594 0 0 0 0 0 0 0 0 0 0
0 0 0 0 0 0 0 0 0 0 0 0 0 0 0 0 0 0 0 0 0
0 0 0 0 0 0 0 0 0 0 0 0 0 0 0 0 0 0 0 0 0
0 0 0 0 0 0 0 0 0 0 0 0 0 0 0 0 0 0 0 0 0
0 0 0 0 0 0 0 0 0 0 0 0 0 0 0 0 0 0 0 0 0
0 0 0 0 0 0 0 0 0 0 0 0 0 0 0 0 0 0 0 0 0
0 0 0 0 0 0 0 0 0 0 0 0 0 0 0 0 0 0 0 0 0
Generic position: 30.665845
 1dcnn position: 30.473769
 simhit_x = 28.220564 -9988649.902344 -9988649.902344 -9988649.902344 -9988649.902344 -9988649.902344 -9988649.902344 -9988649.902344 -9988649.902344 -9988649.902344
mid_x = 1, mid_y = 2
cotalpha = -0.033137, cotbeta = -1.540591
pix[0].adc = 4152, pix.x = 42, pix.y = 144, irow = 1, icol = 0
pix[1].adc = 11800, pix.x = 42, pix.y = 145, irow = 1, icol = 1
pix[2].adc = 10941, pix.x = 41, pix.y = 146, irow = 0, icol = 2
pix[3].adc = 21852, pix.x = 41, pix.y = 147, irow = 0, icol = 3
trk_lp_x = -0.395551, trk_lp_y = -0.971574
0 0 0 0 0 0 0 0 0 0 0 0 0 0 0 0 0 0 0 0 0
0 0 0 0 0 0 0 0 0 0 0 0 0 0 0 0 0 0 0 0 0
0 0 0 0 0 0 0 0 0 0 0 0 0 0 0 0 0 0 0 0 0
0 0 0 0 0 0 0 0 0 0 0 0 0 0 0 0 0 0 0 0 0
0 0 0 0 0 0 0 0 0 0 0 0 0 0 0 0 0 0 0 0 0
0 0 0 0 0 0 0 0 0 0 10941 21852 0 0 0 0 0 0 0 0 0
0 0 0 0 0 0 0 0 4152 11800 0 0 0 0 0 0 0 0 0 0 0
0 0 0 0 0 0 0 0 0 0 0 0 0 0 0 0 0 0 0 0 0
0 0 0 0 0 0 0 0 0 0 0 0 0 0 0 0 0 0 0 0 0
0 0 0 0 0 0 0 0 0 0 0 0 0 0 0 0 0 0 0 0 0
0 0 0 0 0 0 0 0 0 0 0 0 0 0 0 0 0 0 0 0 0
0 0 0 0 0 0 0 0 0 0 0 0 0 0 0 0 0 0 0 0 0
0 0 0 0 0 0 0 0 0 0 0 0 0 0 0 0 0 0 0 0 0
Generic position: -9.470880
 1dcnn position: -0.916421
 simhit_x = -5.828440 -9986049.804688 -9986049.804688 -9986049.804688 -9986049.804688 -9986049.804688 -9986049.804688 -9986049.804688 -9986049.804688 -9986049.804688
Begin processing the 3rd record. Run 1, Event 3, LumiSection 1 on stream 0 at 21-Jul-2021 23:46:20.623 CDT
mid_x = 1, mid_y = 3
cotalpha = 0.126359, cotbeta = 3.295329
pix[0].adc = 2083, pix.x = 48, pix.y = 72, irow = 0, icol = 0
pix[1].adc = 17159, pix.x = 48, pix.y = 73, irow = 0, icol = 1
pix[2].adc = 11129, pix.x = 48, pix.y = 74, irow = 0, icol = 2
pix[3].adc = 5406, pix.x = 49, pix.y = 74, irow = 1, icol = 2
pix[4].adc = 8968, pix.x = 49, pix.y = 75, irow = 1, icol = 3
pix[5].adc = 11304, pix.x = 49, pix.y = 76, irow = 1, icol = 4
pix[6].adc = 19083, pix.x = 49, pix.y = 77, irow = 1, icol = 5
pix[7].adc = 10872, pix.x = 49, pix.y = 78, irow = 1, icol = 6
trk_lp_x = -0.321870, trk_lp_y = -2.057755
0 0 0 0 0 0 0 0 0 0 0 0 0 0 0 0 0 0 0 0 0
0 0 0 0 0 0 0 0 0 0 0 0 0 0 0 0 0 0 0 0 0
0 0 0 0 0 0 0 0 0 0 0 0 0 0 0 0 0 0 0 0 0
0 0 0 0 0 0 0 0 0 0 0 0 0 0 0 0 0 0 0 0 0
0 0 0 0 0 0 0 0 0 0 0 0 0 0 0 0 0 0 0 0 0
0 0 0 0 0 0 0 2083 17159 11129 0 0 0 0 0 0 0 0 0 0 0
0 0 0 0 0 0 0 0 0 5406 8968 11304 19083 10872 0 0 0 0 0 0 0
0 0 0 0 0 0 0 0 0 0 0 0 0 0 0 0 0 0 0 0 0
0 0 0 0 0 0 0 0 0 0 0 0 0 0 0 0 0 0 0 0 0
0 0 0 0 0 0 0 0 0 0 0 0 0 0 0 0 0 0 0 0 0
0 0 0 0 0 0 0 0 0 0 0 0 0 0 0 0 0 0 0 0 0
0 0 0 0 0 0 0 0 0 0 0 0 0 0 0 0 0 0 0 0 0
0 0 0 0 0 0 0 0 0 0 0 0 0 0 0 0 0 0 0 0 0
Generic position: 29.968023
 1dcnn position: 17.934740
 simhit_x = 33.932626 -9986749.877930 -9986749.877930 -9986749.877930 -9986749.877930 -9986749.877930 -9986749.877930 -9986749.877930 -9986749.877930 -9986749.877930
mid_x = 1, mid_y = 0
cotalpha = 0.379158, cotbeta = 0.546489
pix[0].adc = 14477, pix.x = 42, pix.y = 288, irow = 0, icol = 0
pix[1].adc = 6347, pix.x = 43, pix.y = 288, irow = 1, icol = 0
pix[2].adc = 12818, pix.x = 43, pix.y = 289, irow = 1, icol = 1
trk_lp_x = -0.378499, trk_lp_y = 1.255686
0 0 0 0 0 0 0 0 0 0 0 0 0 0 0 0 0 0 0 0 0
0 0 0 0 0 0 0 0 0 0 0 0 0 0 0 0 0 0 0 0 0
0 0 0 0 0 0 0 0 0 0 0 0 0 0 0 0 0 0 0 0 0
0 0 0 0 0 0 0 0 0 0 0 0 0 0 0 0 0 0 0 0 0
0 0 0 0 0 0 0 0 0 0 0 0 0 0 0 0 0 0 0 0 0
0 0 0 0 0 0 0 0 0 0 14477 0 0 0 0 0 0 0 0 0 0
0 0 0 0 0 0 0 0 0 0 6347 12818 0 0 0 0 0 0 0 0 0
0 0 0 0 0 0 0 0 0 0 0 0 0 0 0 0 0 0 0 0 0
0 0 0 0 0 0 0 0 0 0 0 0 0 0 0 0 0 0 0 0 0
0 0 0 0 0 0 0 0 0 0 0 0 0 0 0 0 0 0 0 0 0
0 0 0 0 0 0 0 0 0 0 0 0 0 0 0 0 0 0 0 0 0
0 0 0 0 0 0 0 0 0 0 0 0 0 0 0 0 0 0 0 0 0
0 0 0 0 0 0 0 0 0 0 0 0 0 0 0 0 0 0 0 0 0
Generic position: 66.874623
 1dcnn position: 4.566908
 simhit_x = 73.042214 -9986149.902344 -9986149.902344 -9986149.902344 -9986149.902344 -9986149.902344 -9986149.902344 -9986149.902344 -9986149.902344 -9986149.902344
mid_x = 1, mid_y = 0
cotalpha = 0.352657, cotbeta = -0.362615
pix[0].adc = 8415, pix.x = 41, pix.y = 84, irow = 0, icol = 0
pix[1].adc = 23788, pix.x = 42, pix.y = 84, irow = 1, icol = 0
trk_lp_x = -0.386799, trk_lp_y = -1.926216
0 0 0 0 0 0 0 0 0 0 0 0 0 0 0 0 0 0 0 0 0
0 0 0 0 0 0 0 0 0 0 0 0 0 0 0 0 0 0 0 0 0
0 0 0 0 0 0 0 0 0 0 0 0 0 0 0 0 0 0 0 0 0
0 0 0 0 0 0 0 0 0 0 0 0 0 0 0 0 0 0 0 0 0
0 0 0 0 0 0 0 0 0 0 0 0 0 0 0 0 0 0 0 0 0
0 0 0 0 0 0 0 0 0 0 8415 0 0 0 0 0 0 0 0 0 0
0 0 0 0 0 0 0 0 0 0 23788 0 0 0 0 0 0 0 0 0 0
0 0 0 0 0 0 0 0 0 0 0 0 0 0 0 0 0 0 0 0 0
0 0 0 0 0 0 0 0 0 0 0 0 0 0 0 0 0 0 0 0 0
0 0 0 0 0 0 0 0 0 0 0 0 0 0 0 0 0 0 0 0 0
0 0 0 0 0 0 0 0 0 0 0 0 0 0 0 0 0 0 0 0 0
0 0 0 0 0 0 0 0 0 0 0 0 0 0 0 0 0 0 0 0 0
0 0 0 0 0 0 0 0 0 0 0 0 0 0 0 0 0 0 0 0 0
Generic position: 74.807107
 1dcnn position: 9.733438
 simhit_x = 72.592199 -9986049.804688 -9986049.804688 -9986049.804688 -9986049.804688 -9986049.804688 -9986049.804688 -9986049.804688 -9986049.804688 -9986049.804688
mid_x = 1, mid_y = 0
cotalpha = 0.352544, cotbeta = -0.362599
pix[0].adc = 16565, pix.x = 50, pix.y = 271, irow = 0, icol = 0
pix[1].adc = 28499, pix.x = 51, pix.y = 271, irow = 1, icol = 0
trk_lp_x = -0.300263, trk_lp_y = 0.999384
0 0 0 0 0 0 0 0 0 0 0 0 0 0 0 0 0 0 0 0 0
0 0 0 0 0 0 0 0 0 0 0 0 0 0 0 0 0 0 0 0 0
0 0 0 0 0 0 0 0 0 0 0 0 0 0 0 0 0 0 0 0 0
0 0 0 0 0 0 0 0 0 0 0 0 0 0 0 0 0 0 0 0 0
0 0 0 0 0 0 0 0 0 0 0 0 0 0 0 0 0 0 0 0 0
0 0 0 0 0 0 0 0 0 0 16565 0 0 0 0 0 0 0 0 0 0
0 0 0 0 0 0 0 0 0 0 28499 0 0 0 0 0 0 0 0 0 0
0 0 0 0 0 0 0 0 0 0 0 0 0 0 0 0 0 0 0 0 0
0 0 0 0 0 0 0 0 0 0 0 0 0 0 0 0 0 0 0 0 0
0 0 0 0 0 0 0 0 0 0 0 0 0 0 0 0 0 0 0 0 0
0 0 0 0 0 0 0 0 0 0 0 0 0 0 0 0 0 0 0 0 0
0 0 0 0 0 0 0 0 0 0 0 0 0 0 0 0 0 0 0 0 0
0 0 0 0 0 0 0 0 0 0 0 0 0 0 0 0 0 0 0 0 0
Generic position: 60.530901
 1dcnn position: 6.817877
 simhit_x = 35.898089 -9986950.073242 -9986950.073242 -9986950.073242 -9986950.073242 -9986950.073242 -9986950.073242 -9986950.073242 -9986950.073242 -9986950.073242
mid_x = 1, mid_y = 3
cotalpha = 0.127267, cotbeta = -3.295318
pix[0].adc = 3146, pix.x = 44, pix.y = 370, irow = 1, icol = 0
pix[1].adc = 10422, pix.x = 44, pix.y = 371, irow = 1, icol = 1
pix[2].adc = 8698, pix.x = 44, pix.y = 372, irow = 1, icol = 2
pix[3].adc = 16690, pix.x = 44, pix.y = 373, irow = 1, icol = 3
pix[4].adc = 13207, pix.x = 43, pix.y = 374, irow = 0, icol = 4
pix[5].adc = 12545, pix.x = 43, pix.y = 375, irow = 0, icol = 5
pix[6].adc = 9487, pix.x = 43, pix.y = 376, irow = 0, icol = 6
trk_lp_x = -0.373276, trk_lp_y = 2.592762
0 0 0 0 0 0 0 0 0 0 0 0 0 0 0 0 0 0 0 0 0
0 0 0 0 0 0 0 0 0 0 0 0 0 0 0 0 0 0 0 0 0
0 0 0 0 0 0 0 0 0 0 0 0 0 0 0 0 0 0 0 0 0
0 0 0 0 0 0 0 0 0 0 0 0 0 0 0 0 0 0 0 0 0
0 0 0 0 0 0 0 0 0 0 0 0 0 0 0 0 0 0 0 0 0
0 0 0 0 0 0 0 0 0 0 0 13207 12545 9487 0 0 0 0 0 0 0
0 0 0 0 0 0 0 3146 10422 8698 16690 0 0 0 0 0 0 0 0 0 0
0 0 0 0 0 0 0 0 0 0 0 0 0 0 0 0 0 0 0 0 0
0 0 0 0 0 0 0 0 0 0 0 0 0 0 0 0 0 0 0 0 0
0 0 0 0 0 0 0 0 0 0 0 0 0 0 0 0 0 0 0 0 0
0 0 0 0 0 0 0 0 0 0 0 0 0 0 0 0 0 0 0 0 0
0 0 0 0 0 0 0 0 0 0 0 0 0 0 0 0 0 0 0 0 0
0 0 0 0 0 0 0 0 0 0 0 0 0 0 0 0 0 0 0 0 0
Generic position: 14.954209
 1dcnn position: 9.661913
 simhit_x = 15.985072 -9986250.000000 -9986250.000000 -9986250.000000 -9986250.000000 -9986250.000000 -9986250.000000 -9986250.000000 -9986250.000000 -9986250.000000
mid_x = 1, mid_y = 3
cotalpha = -0.097180, cotbeta = 3.284343
pix[0].adc = 7226, pix.x = 15, pix.y = 393, irow = 0, icol = 0
pix[1].adc = 3009, pix.x = 16, pix.y = 393, irow = 1, icol = 0
pix[2].adc = 8556, pix.x = 16, pix.y = 394, irow = 1, icol = 1
pix[3].adc = 10104, pix.x = 16, pix.y = 395, irow = 1, icol = 2
pix[4].adc = 8881, pix.x = 16, pix.y = 396, irow = 1, icol = 3
pix[5].adc = 11497, pix.x = 16, pix.y = 397, irow = 1, icol = 4
pix[6].adc = 17249, pix.x = 16, pix.y = 398, irow = 1, icol = 5
pix[7].adc = 5190, pix.x = 16, pix.y = 399, irow = 1, icol = 6
trk_lp_x = -0.651642, trk_lp_y = 2.927860
0 0 0 0 0 0 0 0 0 0 0 0 0 0 0 0 0 0 0 0 0
0 0 0 0 0 0 0 0 0 0 0 0 0 0 0 0 0 0 0 0 0
0 0 0 0 0 0 0 0 0 0 0 0 0 0 0 0 0 0 0 0 0
0 0 0 0 0 0 0 0 0 0 0 0 0 0 0 0 0 0 0 0 0
0 0 0 0 0 0 0 0 0 0 0 0 0 0 0 0 0 0 0 0 0
0 0 0 0 0 0 0 7226 0 0 0 0 0 0 0 0 0 0 0 0 0
0 0 0 0 0 0 0 3009 8556 10104 8881 11497 17249 5190 0 0 0 0 0 0 0
0 0 0 0 0 0 0 0 0 0 0 0 0 0 0 0 0 0 0 0 0
0 0 0 0 0 0 0 0 0 0 0 0 0 0 0 0 0 0 0 0 0
0 0 0 0 0 0 0 0 0 0 0 0 0 0 0 0 0 0 0 0 0
0 0 0 0 0 0 0 0 0 0 0 0 0 0 0 0 0 0 0 0 0
0 0 0 0 0 0 0 0 0 0 0 0 0 0 0 0 0 0 0 0 0
0 0 0 0 0 0 0 0 0 0 0 0 0 0 0 0 0 0 0 0 0
Generic position: 30.070543
 1dcnn position: 30.218959
 simhit_x = 32.315850 -9983449.707031 -9983449.707031 -9983449.707031 -9983449.707031 -9983449.707031 -9983449.707031 -9983449.707031 -9983449.707031 -9983449.707031
mid_x = 0, mid_y = 1
cotalpha = -0.353580, cotbeta = -0.362786
pix[0].adc = 5080, pix.x = 125, pix.y = 57, irow = 0, icol = 0
pix[1].adc = 12206, pix.x = 125, pix.y = 58, irow = 0, icol = 1
pix[2].adc = 8580, pix.x = 126, pix.y = 58, irow = 1, icol = 1
trk_lp_x = 0.467051, trk_lp_y = -2.320250
0 0 0 0 0 0 0 0 0 0 0 0 0 0 0 0 0 0 0 0 0
0 0 0 0 0 0 0 0 0 0 0 0 0 0 0 0 0 0 0 0 0
0 0 0 0 0 0 0 0 0 0 0 0 0 0 0 0 0 0 0 0 0
0 0 0 0 0 0 0 0 0 0 0 0 0 0 0 0 0 0 0 0 0
0 0 0 0 0 0 0 0 0 0 0 0 0 0 0 0 0 0 0 0 0
0 0 0 0 0 0 0 0 0 0 0 0 0 0 0 0 0 0 0 0 0
0 0 0 0 0 0 0 0 0 5080 12206 0 0 0 0 0 0 0 0 0 0
0 0 0 0 0 0 0 0 0 0 8580 0 0 0 0 0 0 0 0 0 0
0 0 0 0 0 0 0 0 0 0 0 0 0 0 0 0 0 0 0 0 0
0 0 0 0 0 0 0 0 0 0 0 0 0 0 0 0 0 0 0 0 0
0 0 0 0 0 0 0 0 0 0 0 0 0 0 0 0 0 0 0 0 0
0 0 0 0 0 0 0 0 0 0 0 0 0 0 0 0 0 0 0 0 0
0 0 0 0 0 0 0 0 0 0 0 0 0 0 0 0 0 0 0 0 0
Generic position: 29.417872
 1dcnn position: -7.478297
 simhit_x = 17.436743 -9994650.268555 -9994650.268555 -9994650.268555 -9994650.268555 -9994650.268555 -9994650.268555 -9994650.268555 -9994650.268555 -9994650.268555
mid_x = 1, mid_y = 0
cotalpha = -0.353775, cotbeta = -0.362818
pix[0].adc = 14332, pix.x = 111, pix.y = 395, irow = 0, icol = 0
pix[1].adc = 16264, pix.x = 112, pix.y = 395, irow = 1, icol = 0
trk_lp_x = 0.329475, trk_lp_y = 2.918140
0 0 0 0 0 0 0 0 0 0 0 0 0 0 0 0 0 0 0 0 0
0 0 0 0 0 0 0 0 0 0 0 0 0 0 0 0 0 0 0 0 0
0 0 0 0 0 0 0 0 0 0 0 0 0 0 0 0 0 0 0 0 0
0 0 0 0 0 0 0 0 0 0 0 0 0 0 0 0 0 0 0 0 0
0 0 0 0 0 0 0 0 0 0 0 0 0 0 0 0 0 0 0 0 0
0 0 0 0 0 0 0 0 0 0 14332 0 0 0 0 0 0 0 0 0 0
0 0 0 0 0 0 0 0 0 0 16264 0 0 0 0 0 0 0 0 0 0
0 0 0 0 0 0 0 0 0 0 0 0 0 0 0 0 0 0 0 0 0
0 0 0 0 0 0 0 0 0 0 0 0 0 0 0 0 0 0 0 0 0
0 0 0 0 0 0 0 0 0 0 0 0 0 0 0 0 0 0 0 0 0
0 0 0 0 0 0 0 0 0 0 0 0 0 0 0 0 0 0 0 0 0
0 0 0 0 0 0 0 0 0 0 0 0 0 0 0 0 0 0 0 0 0
0 0 0 0 0 0 0 0 0 0 0 0 0 0 0 0 0 0 0 0 0
Generic position: 47.910511
 1dcnn position: 2.433062
 simhit_x = 40.563345 -9993250.122070 -9993250.122070 -9993250.122070 -9993250.122070 -9993250.122070 -9993250.122070 -9993250.122070 -9993250.122070 -9993250.122070
Begin processing the 4th record. Run 1, Event 4, LumiSection 1 on stream 0 at 21-Jul-2021 23:46:20.667 CDT
mid_x = 1, mid_y = 0
cotalpha = -0.042273, cotbeta = -0.375321
pix[0].adc = 28586, pix.x = 52, pix.y = 85, irow = 0, icol = 0
pix[1].adc = 3464, pix.x = 53, pix.y = 85, irow = 1, icol = 0
trk_lp_x = -0.287176, trk_lp_y = -1.915511
0 0 0 0 0 0 0 0 0 0 0 0 0 0 0 0 0 0 0 0 0
0 0 0 0 0 0 0 0 0 0 0 0 0 0 0 0 0 0 0 0 0
0 0 0 0 0 0 0 0 0 0 0 0 0 0 0 0 0 0 0 0 0
0 0 0 0 0 0 0 0 0 0 0 0 0 0 0 0 0 0 0 0 0
0 0 0 0 0 0 0 0 0 0 0 0 0 0 0 0 0 0 0 0 0
0 0 0 0 0 0 0 0 0 0 28586 0 0 0 0 0 0 0 0 0 0
0 0 0 0 0 0 0 0 0 0 3464 0 0 0 0 0 0 0 0 0 0
0 0 0 0 0 0 0 0 0 0 0 0 0 0 0 0 0 0 0 0 0
0 0 0 0 0 0 0 0 0 0 0 0 0 0 0 0 0 0 0 0 0
0 0 0 0 0 0 0 0 0 0 0 0 0 0 0 0 0 0 0 0 0
0 0 0 0 0 0 0 0 0 0 0 0 0 0 0 0 0 0 0 0 0
0 0 0 0 0 0 0 0 0 0 0 0 0 0 0 0 0 0 0 0 0
0 0 0 0 0 0 0 0 0 0 0 0 0 0 0 0 0 0 0 0 0
Generic position: -18.053651
 1dcnn position: -35.912395
 simhit_x = -15.687644 -9987150.268555 -9987150.268555 -9987150.268555 -9987150.268555 -9987150.268555 -9987150.268555 -9987150.268555 -9987150.268555 -9987150.268555
mid_x = 0, mid_y = 1
cotalpha = -0.037627, cotbeta = 0.375252
pix[0].adc = 18634, pix.x = 139, pix.y = 301, irow = 0, icol = 0
pix[1].adc = 4567, pix.x = 139, pix.y = 302, irow = 0, icol = 1
pix[2].adc = 2441, pix.x = 140, pix.y = 302, irow = 1, icol = 1
trk_lp_x = 0.600510, trk_lp_y = 1.452537
0 0 0 0 0 0 0 0 0 0 0 0 0 0 0 0 0 0 0 0 0
0 0 0 0 0 0 0 0 0 0 0 0 0 0 0 0 0 0 0 0 0
0 0 0 0 0 0 0 0 0 0 0 0 0 0 0 0 0 0 0 0 0
0 0 0 0 0 0 0 0 0 0 0 0 0 0 0 0 0 0 0 0 0
0 0 0 0 0 0 0 0 0 0 0 0 0 0 0 0 0 0 0 0 0
0 0 0 0 0 0 0 0 0 0 0 0 0 0 0 0 0 0 0 0 0
0 0 0 0 0 0 0 0 0 18634 4567 0 0 0 0 0 0 0 0 0 0
0 0 0 0 0 0 0 0 0 0 2441 0 0 0 0 0 0 0 0 0 0
0 0 0 0 0 0 0 0 0 0 0 0 0 0 0 0 0 0 0 0 0
0 0 0 0 0 0 0 0 0 0 0 0 0 0 0 0 0 0 0 0 0
0 0 0 0 0 0 0 0 0 0 0 0 0 0 0 0 0 0 0 0 0
0 0 0 0 0 0 0 0 0 0 0 0 0 0 0 0 0 0 0 0 0
0 0 0 0 0 0 0 0 0 0 0 0 0 0 0 0 0 0 0 0 0
Generic position: -43.944120
 1dcnn position: -39.937496
 simhit_x = -45.418143 -9996049.804688 -9996049.804688 -9996049.804688 -9996049.804688 -9996049.804688 -9996049.804688 -9996049.804688 -9996049.804688 -9996049.804688
Begin processing the 5th record. Run 1, Event 5, LumiSection 1 on stream 0 at 21-Jul-2021 23:46:20.743 CDT
mid_x = 1, mid_y = 1
cotalpha = 0.040853, cotbeta = 1.095954
pix[0].adc = 8181, pix.x = 142, pix.y = 330, irow = 0, icol = 0
pix[1].adc = 7387, pix.x = 142, pix.y = 331, irow = 0, icol = 1
pix[2].adc = 11851, pix.x = 143, pix.y = 331, irow = 1, icol = 1
pix[3].adc = 8194, pix.x = 143, pix.y = 332, irow = 1, icol = 2
trk_lp_x = 0.634637, trk_lp_y = 1.927667
0 0 0 0 0 0 0 0 0 0 0 0 0 0 0 0 0 0 0 0 0
0 0 0 0 0 0 0 0 0 0 0 0 0 0 0 0 0 0 0 0 0
0 0 0 0 0 0 0 0 0 0 0 0 0 0 0 0 0 0 0 0 0
0 0 0 0 0 0 0 0 0 0 0 0 0 0 0 0 0 0 0 0 0
0 0 0 0 0 0 0 0 0 0 0 0 0 0 0 0 0 0 0 0 0
0 0 0 0 0 0 0 0 0 8181 7387 0 0 0 0 0 0 0 0 0 0
0 0 0 0 0 0 0 0 0 0 11851 8194 0 0 0 0 0 0 0 0 0
0 0 0 0 0 0 0 0 0 0 0 0 0 0 0 0 0 0 0 0 0
0 0 0 0 0 0 0 0 0 0 0 0 0 0 0 0 0 0 0 0 0
0 0 0 0 0 0 0 0 0 0 0 0 0 0 0 0 0 0 0 0 0
0 0 0 0 0 0 0 0 0 0 0 0 0 0 0 0 0 0 0 0 0
0 0 0 0 0 0 0 0 0 0 0 0 0 0 0 0 0 0 0 0 0
0 0 0 0 0 0 0 0 0 0 0 0 0 0 0 0 0 0 0 0 0
Generic position: 1.983047
 1dcnn position: 10.715723
 simhit_x = -5.000234 -9996350.097656 -9996350.097656 -9996350.097656 -9996350.097656 -9996350.097656 -9996350.097656 -9996350.097656 -9996350.097656 -9996350.097656
mid_x = 1, mid_y = 1
cotalpha = 0.038275, cotbeta = 1.095692
pix[0].adc = 8781, pix.x = 36, pix.y = 161, irow = 0, icol = 0
pix[1].adc = 16706, pix.x = 37, pix.y = 162, irow = 1, icol = 1
pix[2].adc = 3205, pix.x = 37, pix.y = 163, irow = 1, icol = 2
trk_lp_x = -0.443023, trk_lp_y = -0.700699
0 0 0 0 0 0 0 0 0 0 0 0 0 0 0 0 0 0 0 0 0
0 0 0 0 0 0 0 0 0 0 0 0 0 0 0 0 0 0 0 0 0
0 0 0 0 0 0 0 0 0 0 0 0 0 0 0 0 0 0 0 0 0
0 0 0 0 0 0 0 0 0 0 0 0 0 0 0 0 0 0 0 0 0
0 0 0 0 0 0 0 0 0 0 0 0 0 0 0 0 0 0 0 0 0
0 0 0 0 0 0 0 0 0 8781 0 0 0 0 0 0 0 0 0 0 0
0 0 0 0 0 0 0 0 0 0 16706 3205 0 0 0 0 0 0 0 0 0
0 0 0 0 0 0 0 0 0 0 0 0 0 0 0 0 0 0 0 0 0
0 0 0 0 0 0 0 0 0 0 0 0 0 0 0 0 0 0 0 0 0
0 0 0 0 0 0 0 0 0 0 0 0 0 0 0 0 0 0 0 0 0
0 0 0 0 0 0 0 0 0 0 0 0 0 0 0 0 0 0 0 0 0
0 0 0 0 0 0 0 0 0 0 0 0 0 0 0 0 0 0 0 0 0
0 0 0 0 0 0 0 0 0 0 0 0 0 0 0 0 0 0 0 0 0
Generic position: 20.517707
 1dcnn position: 21.171570
 simhit_x = 17.773807 -9985549.926758 -9985549.926758 -9985549.926758 -9985549.926758 -9985549.926758 -9985549.926758 -9985549.926758 -9985549.926758 -9985549.926758
Begin processing the 6th record. Run 1, Event 6, LumiSection 1 on stream 0 at 21-Jul-2021 23:46:20.788 CDT
mid_x = 0, mid_y = 1
cotalpha = -0.062408, cotbeta = 1.219738
pix[0].adc = 11719, pix.x = 42, pix.y = 225, irow = 0, icol = 0
pix[1].adc = 12162, pix.x = 42, pix.y = 226, irow = 0, icol = 1
pix[2].adc = 5571, pix.x = 43, pix.y = 227, irow = 1, icol = 2
trk_lp_x = -0.386280, trk_lp_y = 0.289561
0 0 0 0 0 0 0 0 0 0 0 0 0 0 0 0 0 0 0 0 0
0 0 0 0 0 0 0 0 0 0 0 0 0 0 0 0 0 0 0 0 0
0 0 0 0 0 0 0 0 0 0 0 0 0 0 0 0 0 0 0 0 0
0 0 0 0 0 0 0 0 0 0 0 0 0 0 0 0 0 0 0 0 0
0 0 0 0 0 0 0 0 0 0 0 0 0 0 0 0 0 0 0 0 0
0 0 0 0 0 0 0 0 0 0 0 0 0 0 0 0 0 0 0 0 0
0 0 0 0 0 0 0 0 0 11719 12162 0 0 0 0 0 0 0 0 0 0
0 0 0 0 0 0 0 0 0 0 0 5571 0 0 0 0 0 0 0 0 0
0 0 0 0 0 0 0 0 0 0 0 0 0 0 0 0 0 0 0 0 0
0 0 0 0 0 0 0 0 0 0 0 0 0 0 0 0 0 0 0 0 0
0 0 0 0 0 0 0 0 0 0 0 0 0 0 0 0 0 0 0 0 0
0 0 0 0 0 0 0 0 0 0 0 0 0 0 0 0 0 0 0 0 0
0 0 0 0 0 0 0 0 0 0 0 0 0 0 0 0 0 0 0 0 0
Generic position: -13.163388
 1dcnn position: -28.708875
 simhit_x = -11.982620 -9986149.902344 -9986149.902344 -9986149.902344 -9986149.902344 -9986149.902344 -9986149.902344 -9986149.902344 -9986149.902344 -9986149.902344
mid_x = 1, mid_y = 1
cotalpha = 0.010418, cotbeta = 1.217437
pix[0].adc = 4841, pix.x = 101, pix.y = 84, irow = 0, icol = 0
pix[1].adc = 5650, pix.x = 101, pix.y = 85, irow = 0, icol = 1
pix[2].adc = 5038, pix.x = 102, pix.y = 85, irow = 1, icol = 1
pix[3].adc = 23349, pix.x = 102, pix.y = 86, irow = 1, icol = 2
trk_lp_x = 0.226392, trk_lp_y = -1.908161
0 0 0 0 0 0 0 0 0 0 0 0 0 0 0 0 0 0 0 0 0
0 0 0 0 0 0 0 0 0 0 0 0 0 0 0 0 0 0 0 0 0
0 0 0 0 0 0 0 0 0 0 0 0 0 0 0 0 0 0 0 0 0
0 0 0 0 0 0 0 0 0 0 0 0 0 0 0 0 0 0 0 0 0
0 0 0 0 0 0 0 0 0 0 0 0 0 0 0 0 0 0 0 0 0
0 0 0 0 0 0 0 0 0 4841 5650 0 0 0 0 0 0 0 0 0 0
0 0 0 0 0 0 0 0 0 0 5038 23349 0 0 0 0 0 0 0 0 0
0 0 0 0 0 0 0 0 0 0 0 0 0 0 0 0 0 0 0 0 0
0 0 0 0 0 0 0 0 0 0 0 0 0 0 0 0 0 0 0 0 0
0 0 0 0 0 0 0 0 0 0 0 0 0 0 0 0 0 0 0 0 0
0 0 0 0 0 0 0 0 0 0 0 0 0 0 0 0 0 0 0 0 0
0 0 0 0 0 0 0 0 0 0 0 0 0 0 0 0 0 0 0 0 0
0 0 0 0 0 0 0 0 0 0 0 0 0 0 0 0 0 0 0 0 0
Generic position: 12.743026
 1dcnn position: 23.541898
 simhit_x = 19.667149 -9992249.755859 -9992249.755859 -9992249.755859 -9992249.755859 -9992249.755859 -9992249.755859 -9992249.755859 -9992249.755859 -9992249.755859
mid_x = 0, mid_y = 1
cotalpha = 0.014199, cotbeta = -1.217351
pix[0].adc = 3058, pix.x = 97, pix.y = 141, irow = 1, icol = 0
pix[1].adc = 13903, pix.x = 96, pix.y = 142, irow = 0, icol = 1
pix[2].adc = 13976, pix.x = 96, pix.y = 143, irow = 0, icol = 2
trk_lp_x = 0.170641, trk_lp_y = -1.023035
0 0 0 0 0 0 0 0 0 0 0 0 0 0 0 0 0 0 0 0 0
0 0 0 0 0 0 0 0 0 0 0 0 0 0 0 0 0 0 0 0 0
0 0 0 0 0 0 0 0 0 0 0 0 0 0 0 0 0 0 0 0 0
0 0 0 0 0 0 0 0 0 0 0 0 0 0 0 0 0 0 0 0 0
0 0 0 0 0 0 0 0 0 0 0 0 0 0 0 0 0 0 0 0 0
0 0 0 0 0 0 0 0 0 0 0 0 0 0 0 0 0 0 0 0 0
0 0 0 0 0 0 0 0 0 0 13903 13976 0 0 0 0 0 0 0 0 0
0 0 0 0 0 0 0 0 0 3058 0 0 0 0 0 0 0 0 0 0 0
0 0 0 0 0 0 0 0 0 0 0 0 0 0 0 0 0 0 0 0 0
0 0 0 0 0 0 0 0 0 0 0 0 0 0 0 0 0 0 0 0 0
0 0 0 0 0 0 0 0 0 0 0 0 0 0 0 0 0 0 0 0 0
0 0 0 0 0 0 0 0 0 0 0 0 0 0 0 0 0 0 0 0 0
0 0 0 0 0 0 0 0 0 0 0 0 0 0 0 0 0 0 0 0 0
Generic position: -44.422001
 1dcnn position: -43.035448
 simhit_x = -44.329166 -9991749.877930 -9991749.877930 -9991749.877930 -9991749.877930 -9991749.877930 -9991749.877930 -9991749.877930 -9991749.877930 -9991749.877930
Begin processing the 7th record. Run 1, Event 7, LumiSection 1 on stream 0 at 21-Jul-2021 23:46:20.842 CDT
mid_x = 1, mid_y = 0
cotalpha = 0.021982, cotbeta = 0.230239
pix[0].adc = 5448, pix.x = 67, pix.y = 331, irow = 0, icol = 0
pix[1].adc = 6183, pix.x = 68, pix.y = 331, irow = 1, icol = 0
pix[2].adc = 10319, pix.x = 68, pix.y = 332, irow = 1, icol = 1
trk_lp_x = -0.131131, trk_lp_y = 1.934959
0 0 0 0 0 0 0 0 0 0 0 0 0 0 0 0 0 0 0 0 0
0 0 0 0 0 0 0 0 0 0 0 0 0 0 0 0 0 0 0 0 0
0 0 0 0 0 0 0 0 0 0 0 0 0 0 0 0 0 0 0 0 0
0 0 0 0 0 0 0 0 0 0 0 0 0 0 0 0 0 0 0 0 0
0 0 0 0 0 0 0 0 0 0 0 0 0 0 0 0 0 0 0 0 0
0 0 0 0 0 0 0 0 0 0 5448 0 0 0 0 0 0 0 0 0 0
0 0 0 0 0 0 0 0 0 0 6183 10319 0 0 0 0 0 0 0 0 0
0 0 0 0 0 0 0 0 0 0 0 0 0 0 0 0 0 0 0 0 0
0 0 0 0 0 0 0 0 0 0 0 0 0 0 0 0 0 0 0 0 0
0 0 0 0 0 0 0 0 0 0 0 0 0 0 0 0 0 0 0 0 0
0 0 0 0 0 0 0 0 0 0 0 0 0 0 0 0 0 0 0 0 0
0 0 0 0 0 0 0 0 0 0 0 0 0 0 0 0 0 0 0 0 0
0 0 0 0 0 0 0 0 0 0 0 0 0 0 0 0 0 0 0 0 0
Generic position: 30.552745
 1dcnn position: 27.451664
 simhit_x = 32.472312 -9988649.902344 -9988649.902344 -9988649.902344 -9988649.902344 -9988649.902344 -9988649.902344 -9988649.902344 -9988649.902344 -9988649.902344
mid_x = 1, mid_y = 0
cotalpha = -0.037843, cotbeta = 0.230348
pix[0].adc = 10191, pix.x = 120, pix.y = 270, irow = 0, icol = 0
pix[1].adc = 11364, pix.x = 121, pix.y = 270, irow = 1, icol = 0
trk_lp_x = 0.414549, trk_lp_y = 0.982758
0 0 0 0 0 0 0 0 0 0 0 0 0 0 0 0 0 0 0 0 0
0 0 0 0 0 0 0 0 0 0 0 0 0 0 0 0 0 0 0 0 0
0 0 0 0 0 0 0 0 0 0 0 0 0 0 0 0 0 0 0 0 0
0 0 0 0 0 0 0 0 0 0 0 0 0 0 0 0 0 0 0 0 0
0 0 0 0 0 0 0 0 0 0 0 0 0 0 0 0 0 0 0 0 0
0 0 0 0 0 0 0 0 0 0 10191 0 0 0 0 0 0 0 0 0 0
0 0 0 0 0 0 0 0 0 0 11364 0 0 0 0 0 0 0 0 0 0
0 0 0 0 0 0 0 0 0 0 0 0 0 0 0 0 0 0 0 0 0
0 0 0 0 0 0 0 0 0 0 0 0 0 0 0 0 0 0 0 0 0
0 0 0 0 0 0 0 0 0 0 0 0 0 0 0 0 0 0 0 0 0
0 0 0 0 0 0 0 0 0 0 0 0 0 0 0 0 0 0 0 0 0
0 0 0 0 0 0 0 0 0 0 0 0 0 0 0 0 0 0 0 0 0
0 0 0 0 0 0 0 0 0 0 0 0 0 0 0 0 0 0 0 0 0
Generic position: 3.486276
 1dcnn position: 3.390610
 simhit_x = -9.149611 -9994149.780273 -9994149.780273 -9994149.780273 -9994149.780273 -9994149.780273 -9994149.780273 -9994149.780273 -9994149.780273 -9994149.780273
mid_x = 1, mid_y = 0
cotalpha = 0.023459, cotbeta = -0.230323
pix[0].adc = 27842, pix.x = 64, pix.y = 97, irow = 0, icol = 0
pix[1].adc = 4696, pix.x = 65, pix.y = 97, irow = 1, icol = 0
trk_lp_x = -0.168109, trk_lp_y = -1.734382
0 0 0 0 0 0 0 0 0 0 0 0 0 0 0 0 0 0 0 0 0
0 0 0 0 0 0 0 0 0 0 0 0 0 0 0 0 0 0 0 0 0
0 0 0 0 0 0 0 0 0 0 0 0 0 0 0 0 0 0 0 0 0
0 0 0 0 0 0 0 0 0 0 0 0 0 0 0 0 0 0 0 0 0
0 0 0 0 0 0 0 0 0 0 0 0 0 0 0 0 0 0 0 0 0
0 0 0 0 0 0 0 0 0 0 27842 0 0 0 0 0 0 0 0 0 0
0 0 0 0 0 0 0 0 0 0 4696 0 0 0 0 0 0 0 0 0 0
0 0 0 0 0 0 0 0 0 0 0 0 0 0 0 0 0 0 0 0 0
0 0 0 0 0 0 0 0 0 0 0 0 0 0 0 0 0 0 0 0 0
0 0 0 0 0 0 0 0 0 0 0 0 0 0 0 0 0 0 0 0 0
0 0 0 0 0 0 0 0 0 0 0 0 0 0 0 0 0 0 0 0 0
0 0 0 0 0 0 0 0 0 0 0 0 0 0 0 0 0 0 0 0 0
0 0 0 0 0 0 0 0 0 0 0 0 0 0 0 0 0 0 0 0 0
Generic position: -20.851195
 1dcnn position: -33.149868
 simhit_x = -17.510653 -9988350.219727 -9988350.219727 -9988350.219727 -9988350.219727 -9988350.219727 -9988350.219727 -9988350.219727 -9988350.219727 -9988350.219727
mid_x = 1, mid_y = 0
cotalpha = 0.042225, cotbeta = 0.230462
pix[0].adc = 9646, pix.x = 147, pix.y = 238, irow = 0, icol = 0
pix[1].adc = 9162, pix.x = 148, pix.y = 238, irow = 1, icol = 0
trk_lp_x = 0.683285, trk_lp_y = 0.471724
0 0 0 0 0 0 0 0 0 0 0 0 0 0 0 0 0 0 0 0 0
0 0 0 0 0 0 0 0 0 0 0 0 0 0 0 0 0 0 0 0 0
0 0 0 0 0 0 0 0 0 0 0 0 0 0 0 0 0 0 0 0 0
0 0 0 0 0 0 0 0 0 0 0 0 0 0 0 0 0 0 0 0 0
0 0 0 0 0 0 0 0 0 0 0 0 0 0 0 0 0 0 0 0 0
0 0 0 0 0 0 0 0 0 0 9646 0 0 0 0 0 0 0 0 0 0
0 0 0 0 0 0 0 0 0 0 9162 0 0 0 0 0 0 0 0 0 0
0 0 0 0 0 0 0 0 0 0 0 0 0 0 0 0 0 0 0 0 0
0 0 0 0 0 0 0 0 0 0 0 0 0 0 0 0 0 0 0 0 0
0 0 0 0 0 0 0 0 0 0 0 0 0 0 0 0 0 0 0 0 0
0 0 0 0 0 0 0 0 0 0 0 0 0 0 0 0 0 0 0 0 0
0 0 0 0 0 0 0 0 0 0 0 0 0 0 0 0 0 0 0 0 0
0 0 0 0 0 0 0 0 0 0 0 0 0 0 0 0 0 0 0 0 0
Generic position: -5.599260
 1dcnn position: 1.698732
 simhit_x = -30.824542 -9996849.975586 -9996849.975586 -9996849.975586 -9996849.975586 -9996849.975586 -9996849.975586 -9996849.975586 -9996849.975586 -9996849.975586
Begin processing the 8th record. Run 1, Event 8, LumiSection 1 on stream 0 at 21-Jul-2021 23:46:20.888 CDT
mid_x = 1, mid_y = 2
cotalpha = 0.096236, cotbeta = 2.862017
pix[0].adc = 10961, pix.x = 14, pix.y = 407, irow = 0, icol = 0
pix[1].adc = 14080, pix.x = 14, pix.y = 408, irow = 0, icol = 1
pix[2].adc = 3339, pix.x = 15, pix.y = 408, irow = 1, icol = 1
pix[3].adc = 10101, pix.x = 15, pix.y = 409, irow = 1, icol = 2
pix[4].adc = 13835, pix.x = 15, pix.y = 410, irow = 1, icol = 3
pix[5].adc = 12370, pix.x = 15, pix.y = 411, irow = 1, icol = 4
pix[6].adc = 12162, pix.x = 15, pix.y = 412, irow = 1, icol = 5
trk_lp_x = -0.661290, trk_lp_y = 3.140975
0 0 0 0 0 0 0 0 0 0 0 0 0 0 0 0 0 0 0 0 0
0 0 0 0 0 0 0 0 0 0 0 0 0 0 0 0 0 0 0 0 0
0 0 0 0 0 0 0 0 0 0 0 0 0 0 0 0 0 0 0 0 0
0 0 0 0 0 0 0 0 0 0 0 0 0 0 0 0 0 0 0 0 0
0 0 0 0 0 0 0 0 0 0 0 0 0 0 0 0 0 0 0 0 0
0 0 0 0 0 0 0 0 10961 14080 0 0 0 0 0 0 0 0 0 0 0
0 0 0 0 0 0 0 0 0 3339 10101 13835 12370 12162 0 0 0 0 0 0 0
0 0 0 0 0 0 0 0 0 0 0 0 0 0 0 0 0 0 0 0 0
0 0 0 0 0 0 0 0 0 0 0 0 0 0 0 0 0 0 0 0 0
0 0 0 0 0 0 0 0 0 0 0 0 0 0 0 0 0 0 0 0 0
0 0 0 0 0 0 0 0 0 0 0 0 0 0 0 0 0 0 0 0 0
0 0 0 0 0 0 0 0 0 0 0 0 0 0 0 0 0 0 0 0 0
0 0 0 0 0 0 0 0 0 0 0 0 0 0 0 0 0 0 0 0 0
Generic position: 25.442839
 1dcnn position: 19.609332
 simhit_x = 41.627884 -9983350.219727 -9983350.219727 -9983350.219727 -9983350.219727 -9983350.219727 -9983350.219727 -9983350.219727 -9983350.219727 -9983350.219727
mid_x = 1, mid_y = 0
cotalpha = -0.412297, cotbeta = 0.337021
pix[0].adc = 3883, pix.x = 6, pix.y = 116, irow = 0, icol = 0
pix[1].adc = 24189, pix.x = 7, pix.y = 116, irow = 1, icol = 0
trk_lp_x = -0.735996, trk_lp_y = -1.419077
0 0 0 0 0 0 0 0 0 0 0 0 0 0 0 0 0 0 0 0 0
0 0 0 0 0 0 0 0 0 0 0 0 0 0 0 0 0 0 0 0 0
0 0 0 0 0 0 0 0 0 0 0 0 0 0 0 0 0 0 0 0 0
0 0 0 0 0 0 0 0 0 0 0 0 0 0 0 0 0 0 0 0 0
0 0 0 0 0 0 0 0 0 0 0 0 0 0 0 0 0 0 0 0 0
0 0 0 0 0 0 0 0 0 0 3883 0 0 0 0 0 0 0 0 0 0
0 0 0 0 0 0 0 0 0 0 24189 0 0 0 0 0 0 0 0 0 0
0 0 0 0 0 0 0 0 0 0 0 0 0 0 0 0 0 0 0 0 0
0 0 0 0 0 0 0 0 0 0 0 0 0 0 0 0 0 0 0 0 0
0 0 0 0 0 0 0 0 0 0 0 0 0 0 0 0 0 0 0 0 0
0 0 0 0 0 0 0 0 0 0 0 0 0 0 0 0 0 0 0 0 0
0 0 0 0 0 0 0 0 0 0 0 0 0 0 0 0 0 0 0 0 0
0 0 0 0 0 0 0 0 0 0 0 0 0 0 0 0 0 0 0 0 0
Generic position: 81.083179
 1dcnn position: 8.359551
 simhit_x = 89.740753 -9982550.048828 -9982550.048828 -9982550.048828 -9982550.048828 -9982550.048828 -9982550.048828 -9982550.048828 -9982550.048828 -9982550.048828
mid_x = 1, mid_y = 0
cotalpha = -0.340536, cotbeta = -0.409521
pix[0].adc = 4026, pix.x = 67, pix.y = 286, irow = 0, icol = 0
pix[1].adc = 8824, pix.x = 68, pix.y = 286, irow = 1, icol = 0
pix[2].adc = 9353, pix.x = 68, pix.y = 287, irow = 1, icol = 1
trk_lp_x = -0.127412, trk_lp_y = 1.230527
0 0 0 0 0 0 0 0 0 0 0 0 0 0 0 0 0 0 0 0 0
0 0 0 0 0 0 0 0 0 0 0 0 0 0 0 0 0 0 0 0 0
0 0 0 0 0 0 0 0 0 0 0 0 0 0 0 0 0 0 0 0 0
0 0 0 0 0 0 0 0 0 0 0 0 0 0 0 0 0 0 0 0 0
0 0 0 0 0 0 0 0 0 0 0 0 0 0 0 0 0 0 0 0 0
0 0 0 0 0 0 0 0 0 0 4026 0 0 0 0 0 0 0 0 0 0
0 0 0 0 0 0 0 0 0 0 8824 9353 0 0 0 0 0 0 0 0 0
0 0 0 0 0 0 0 0 0 0 0 0 0 0 0 0 0 0 0 0 0
0 0 0 0 0 0 0 0 0 0 0 0 0 0 0 0 0 0 0 0 0
0 0 0 0 0 0 0 0 0 0 0 0 0 0 0 0 0 0 0 0 0
0 0 0 0 0 0 0 0 0 0 0 0 0 0 0 0 0 0 0 0 0
0 0 0 0 0 0 0 0 0 0 0 0 0 0 0 0 0 0 0 0 0
0 0 0 0 0 0 0 0 0 0 0 0 0 0 0 0 0 0 0 0 0
Generic position: 73.262751
 1dcnn position: 9.488016
 simhit_x = 78.376532 -9988649.902344 -9988649.902344 -9988649.902344 -9988649.902344 -9988649.902344 -9988649.902344 -9988649.902344 -9988649.902344 -9988649.902344
Begin processing the 9th record. Run 1, Event 9, LumiSection 1 on stream 0 at 21-Jul-2021 23:46:20.935 CDT
mid_x = 1, mid_y = 0
cotalpha = 0.159861, cotbeta = -0.422898
pix[0].adc = 10651, pix.x = 123, pix.y = 230, irow = 0, icol = 0
pix[1].adc = 14109, pix.x = 124, pix.y = 230, irow = 1, icol = 0
trk_lp_x = 0.447122, trk_lp_y = 0.352723
0 0 0 0 0 0 0 0 0 0 0 0 0 0 0 0 0 0 0 0 0
0 0 0 0 0 0 0 0 0 0 0 0 0 0 0 0 0 0 0 0 0
0 0 0 0 0 0 0 0 0 0 0 0 0 0 0 0 0 0 0 0 0
0 0 0 0 0 0 0 0 0 0 0 0 0 0 0 0 0 0 0 0 0
0 0 0 0 0 0 0 0 0 0 0 0 0 0 0 0 0 0 0 0 0
0 0 0 0 0 0 0 0 0 0 10651 0 0 0 0 0 0 0 0 0 0
0 0 0 0 0 0 0 0 0 0 14109 0 0 0 0 0 0 0 0 0 0
0 0 0 0 0 0 0 0 0 0 0 0 0 0 0 0 0 0 0 0 0
0 0 0 0 0 0 0 0 0 0 0 0 0 0 0 0 0 0 0 0 0
0 0 0 0 0 0 0 0 0 0 0 0 0 0 0 0 0 0 0 0 0
0 0 0 0 0 0 0 0 0 0 0 0 0 0 0 0 0 0 0 0 0
0 0 0 0 0 0 0 0 0 0 0 0 0 0 0 0 0 0 0 0 0
0 0 0 0 0 0 0 0 0 0 0 0 0 0 0 0 0 0 0 0 0
Generic position: 21.681488
 1dcnn position: 10.778308
 simhit_x = 19.902587 -9994450.073242 -9994450.073242 -9994450.073242 -9994450.073242 -9994450.073242 -9994450.073242 -9994450.073242 -9994450.073242 -9994450.073242
mid_x = 1, mid_y = 0
cotalpha = 0.009816, cotbeta = -0.417616
pix[0].adc = 13398, pix.x = 81, pix.y = 127, irow = 0, icol = 0
pix[1].adc = 10377, pix.x = 82, pix.y = 127, irow = 1, icol = 0
trk_lp_x = 0.025001, trk_lp_y = -1.253665
0 0 0 0 0 0 0 0 0 0 0 0 0 0 0 0 0 0 0 0 0
0 0 0 0 0 0 0 0 0 0 0 0 0 0 0 0 0 0 0 0 0
0 0 0 0 0 0 0 0 0 0 0 0 0 0 0 0 0 0 0 0 0
0 0 0 0 0 0 0 0 0 0 0 0 0 0 0 0 0 0 0 0 0
0 0 0 0 0 0 0 0 0 0 0 0 0 0 0 0 0 0 0 0 0
0 0 0 0 0 0 0 0 0 0 13398 0 0 0 0 0 0 0 0 0 0
0 0 0 0 0 0 0 0 0 0 10377 0 0 0 0 0 0 0 0 0 0
0 0 0 0 0 0 0 0 0 0 0 0 0 0 0 0 0 0 0 0 0
0 0 0 0 0 0 0 0 0 0 0 0 0 0 0 0 0 0 0 0 0
0 0 0 0 0 0 0 0 0 0 0 0 0 0 0 0 0 0 0 0 0
0 0 0 0 0 0 0 0 0 0 0 0 0 0 0 0 0 0 0 0 0
0 0 0 0 0 0 0 0 0 0 0 0 0 0 0 0 0 0 0 0 0
0 0 0 0 0 0 0 0 0 0 0 0 0 0 0 0 0 0 0 0 0
Generic position: 2.077166
 1dcnn position: -2.865680
 simhit_x = -2.946816 -9990250.244141 -9990250.244141 -9990250.244141 -9990250.244141 -9990250.244141 -9990250.244141 -9990250.244141 -9990250.244141 -9990250.244141
mid_x = 1, mid_y = 0
cotalpha = 0.159079, cotbeta = 0.422726
pix[0].adc = 11750, pix.x = 131, pix.y = 396, irow = 0, icol = 0
pix[1].adc = 9533, pix.x = 132, pix.y = 396, irow = 1, icol = 0
trk_lp_x = 0.527699, trk_lp_y = 2.936222
0 0 0 0 0 0 0 0 0 0 0 0 0 0 0 0 0 0 0 0 0
0 0 0 0 0 0 0 0 0 0 0 0 0 0 0 0 0 0 0 0 0
0 0 0 0 0 0 0 0 0 0 0 0 0 0 0 0 0 0 0 0 0
0 0 0 0 0 0 0 0 0 0 0 0 0 0 0 0 0 0 0 0 0
0 0 0 0 0 0 0 0 0 0 0 0 0 0 0 0 0 0 0 0 0
0 0 0 0 0 0 0 0 0 0 11750 0 0 0 0 0 0 0 0 0 0
0 0 0 0 0 0 0 0 0 0 9533 0 0 0 0 0 0 0 0 0 0
0 0 0 0 0 0 0 0 0 0 0 0 0 0 0 0 0 0 0 0 0
0 0 0 0 0 0 0 0 0 0 0 0 0 0 0 0 0 0 0 0 0
0 0 0 0 0 0 0 0 0 0 0 0 0 0 0 0 0 0 0 0 0
0 0 0 0 0 0 0 0 0 0 0 0 0 0 0 0 0 0 0 0 0
0 0 0 0 0 0 0 0 0 0 0 0 0 0 0 0 0 0 0 0 0
0 0 0 0 0 0 0 0 0 0 0 0 0 0 0 0 0 0 0 0 0
Generic position: 9.490252
 1dcnn position: -3.694892
 simhit_x = 25.423765 -9995250.244141 -9995250.244141 -9995250.244141 -9995250.244141 -9995250.244141 -9995250.244141 -9995250.244141 -9995250.244141 -9995250.244141
mid_x = 1, mid_y = 1
cotalpha = -0.051665, cotbeta = 0.418032
pix[0].adc = 2845, pix.x = 28, pix.y = 178, irow = 0, icol = 0
pix[1].adc = 19974, pix.x = 29, pix.y = 179, irow = 1, icol = 1
trk_lp_x = -0.522653, trk_lp_y = -0.445591
0 0 0 0 0 0 0 0 0 0 0 0 0 0 0 0 0 0 0 0 0
0 0 0 0 0 0 0 0 0 0 0 0 0 0 0 0 0 0 0 0 0
0 0 0 0 0 0 0 0 0 0 0 0 0 0 0 0 0 0 0 0 0
0 0 0 0 0 0 0 0 0 0 0 0 0 0 0 0 0 0 0 0 0
0 0 0 0 0 0 0 0 0 0 0 0 0 0 0 0 0 0 0 0 0
0 0 0 0 0 0 0 0 0 2845 0 0 0 0 0 0 0 0 0 0 0
0 0 0 0 0 0 0 0 0 0 19974 0 0 0 0 0 0 0 0 0 0
0 0 0 0 0 0 0 0 0 0 0 0 0 0 0 0 0 0 0 0 0
0 0 0 0 0 0 0 0 0 0 0 0 0 0 0 0 0 0 0 0 0
0 0 0 0 0 0 0 0 0 0 0 0 0 0 0 0 0 0 0 0 0
0 0 0 0 0 0 0 0 0 0 0 0 0 0 0 0 0 0 0 0 0
0 0 0 0 0 0 0 0 0 0 0 0 0 0 0 0 0 0 0 0 0
0 0 0 0 0 0 0 0 0 0 0 0 0 0 0 0 0 0 0 0 0
Generic position: 31.993389
 1dcnn position: 34.037232
 simhit_x = 21.871328 -9984749.755859 -9984749.755859 -9984749.755859 -9984749.755859 -9984749.755859 -9984749.755859 -9984749.755859 -9984749.755859 -9984749.755859
mid_x = 0, mid_y = 1
cotalpha = 0.024781, cotbeta = 0.417606
pix[0].adc = 2435, pix.x = 124, pix.y = 314, irow = 0, icol = 0
pix[1].adc = 5290, pix.x = 124, pix.y = 315, irow = 0, icol = 1
pix[2].adc = 11525, pix.x = 125, pix.y = 315, irow = 1, icol = 1
trk_lp_x = 0.455741, trk_lp_y = 1.684945
0 0 0 0 0 0 0 0 0 0 0 0 0 0 0 0 0 0 0 0 0
0 0 0 0 0 0 0 0 0 0 0 0 0 0 0 0 0 0 0 0 0
0 0 0 0 0 0 0 0 0 0 0 0 0 0 0 0 0 0 0 0 0
0 0 0 0 0 0 0 0 0 0 0 0 0 0 0 0 0 0 0 0 0
0 0 0 0 0 0 0 0 0 0 0 0 0 0 0 0 0 0 0 0 0
0 0 0 0 0 0 0 0 0 0 0 0 0 0 0 0 0 0 0 0 0
0 0 0 0 0 0 0 0 0 2435 5290 0 0 0 0 0 0 0 0 0 0
0 0 0 0 0 0 0 0 0 0 11525 0 0 0 0 0 0 0 0 0 0
0 0 0 0 0 0 0 0 0 0 0 0 0 0 0 0 0 0 0 0 0
0 0 0 0 0 0 0 0 0 0 0 0 0 0 0 0 0 0 0 0 0
0 0 0 0 0 0 0 0 0 0 0 0 0 0 0 0 0 0 0 0 0
0 0 0 0 0 0 0 0 0 0 0 0 0 0 0 0 0 0 0 0 0
0 0 0 0 0 0 0 0 0 0 0 0 0 0 0 0 0 0 0 0 0
Generic position: 5.557835
 1dcnn position: 8.647144
 simhit_x = 5.439520 -9994550.170898 -9994550.170898 -9994550.170898 -9994550.170898 -9994550.170898 -9994550.170898 -9994550.170898 -9994550.170898 -9994550.170898
Begin processing the 10th record. Run 1, Event 10, LumiSection 1 on stream 0 at 21-Jul-2021 23:46:20.988 CDT
mid_x = 1, mid_y = 1
cotalpha = 0.373979, cotbeta = 0.397908
pix[0].adc = 6547, pix.x = 25, pix.y = 97, irow = 0, icol = 0
pix[1].adc = 27489, pix.x = 26, pix.y = 98, irow = 1, icol = 1
trk_lp_x = -0.546323, trk_lp_y = -1.721408
0 0 0 0 0 0 0 0 0 0 0 0 0 0 0 0 0 0 0 0 0
0 0 0 0 0 0 0 0 0 0 0 0 0 0 0 0 0 0 0 0 0
0 0 0 0 0 0 0 0 0 0 0 0 0 0 0 0 0 0 0 0 0
0 0 0 0 0 0 0 0 0 0 0 0 0 0 0 0 0 0 0 0 0
0 0 0 0 0 0 0 0 0 0 0 0 0 0 0 0 0 0 0 0 0
0 0 0 0 0 0 0 0 0 6547 0 0 0 0 0 0 0 0 0 0 0
0 0 0 0 0 0 0 0 0 0 27489 0 0 0 0 0 0 0 0 0 0
0 0 0 0 0 0 0 0 0 0 0 0 0 0 0 0 0 0 0 0 0
0 0 0 0 0 0 0 0 0 0 0 0 0 0 0 0 0 0 0 0 0
0 0 0 0 0 0 0 0 0 0 0 0 0 0 0 0 0 0 0 0 0
0 0 0 0 0 0 0 0 0 0 0 0 0 0 0 0 0 0 0 0 0
0 0 0 0 0 0 0 0 0 0 0 0 0 0 0 0 0 0 0 0 0
0 0 0 0 0 0 0 0 0 0 0 0 0 0 0 0 0 0 0 0 0
Generic position: 83.794594
 1dcnn position: 9.078383
 simhit_x = 88.526011 -9984450.073242 -9984450.073242 -9984450.073242 -9984450.073242 -9984450.073242 -9984450.073242 -9984450.073242 -9984450.073242 -9984450.073242
mid_x = 1, mid_y = 0
cotalpha = 0.374012, cotbeta = 0.397914
pix[0].adc = 4661, pix.x = 18, pix.y = 189, irow = 0, icol = 0
pix[1].adc = 34682, pix.x = 19, pix.y = 189, irow = 1, icol = 0
pix[2].adc = 7219, pix.x = 19, pix.y = 190, irow = 1, icol = 1
trk_lp_x = -0.615845, trk_lp_y = -0.288530
0 0 0 0 0 0 0 0 0 0 0 0 0 0 0 0 0 0 0 0 0
0 0 0 0 0 0 0 0 0 0 0 0 0 0 0 0 0 0 0 0 0
0 0 0 0 0 0 0 0 0 0 0 0 0 0 0 0 0 0 0 0 0
0 0 0 0 0 0 0 0 0 0 0 0 0 0 0 0 0 0 0 0 0
0 0 0 0 0 0 0 0 0 0 0 0 0 0 0 0 0 0 0 0 0
0 0 0 0 0 0 0 0 0 0 4661 0 0 0 0 0 0 0 0 0 0
0 0 0 0 0 0 0 0 0 0 34682 7219 0 0 0 0 0 0 0 0 0
0 0 0 0 0 0 0 0 0 0 0 0 0 0 0 0 0 0 0 0 0
0 0 0 0 0 0 0 0 0 0 0 0 0 0 0 0 0 0 0 0 0
0 0 0 0 0 0 0 0 0 0 0 0 0 0 0 0 0 0 0 0 0
0 0 0 0 0 0 0 0 0 0 0 0 0 0 0 0 0 0 0 0 0
0 0 0 0 0 0 0 0 0 0 0 0 0 0 0 0 0 0 0 0 0
0 0 0 0 0 0 0 0 0 0 0 0 0 0 0 0 0 0 0 0 0
Generic position: 92.017651
 1dcnn position: 29.769540
 simhit_x = 93.230009 -9983750.000000 -9983750.000000 -9983750.000000 -9983750.000000 -9983750.000000 -9983750.000000 -9983750.000000 -9983750.000000 -9983750.000000
mid_x = 1, mid_y = 0
cotalpha = -0.352142, cotbeta = -0.476708
pix[0].adc = 17014, pix.x = 132, pix.y = 79, irow = 0, icol = 0
pix[1].adc = 11553, pix.x = 133, pix.y = 79, irow = 1, icol = 0
trk_lp_x = 0.537924, trk_lp_y = -2.000712
0 0 0 0 0 0 0 0 0 0 0 0 0 0 0 0 0 0 0 0 0
0 0 0 0 0 0 0 0 0 0 0 0 0 0 0 0 0 0 0 0 0
0 0 0 0 0 0 0 0 0 0 0 0 0 0 0 0 0 0 0 0 0
0 0 0 0 0 0 0 0 0 0 0 0 0 0 0 0 0 0 0 0 0
0 0 0 0 0 0 0 0 0 0 0 0 0 0 0 0 0 0 0 0 0
0 0 0 0 0 0 0 0 0 0 17014 0 0 0 0 0 0 0 0 0 0
0 0 0 0 0 0 0 0 0 0 11553 0 0 0 0 0 0 0 0 0 0
0 0 0 0 0 0 0 0 0 0 0 0 0 0 0 0 0 0 0 0 0
0 0 0 0 0 0 0 0 0 0 0 0 0 0 0 0 0 0 0 0 0
0 0 0 0 0 0 0 0 0 0 0 0 0 0 0 0 0 0 0 0 0
0 0 0 0 0 0 0 0 0 0 0 0 0 0 0 0 0 0 0 0 0
0 0 0 0 0 0 0 0 0 0 0 0 0 0 0 0 0 0 0 0 0
0 0 0 0 0 0 0 0 0 0 0 0 0 0 0 0 0 0 0 0 0
Generic position: 29.860735
 1dcnn position: -2.169609
 simhit_x = 31.192303 -9995349.731445 -9995349.731445 -9995349.731445 -9995349.731445 -9995349.731445 -9995349.731445 -9995349.731445 -9995349.731445 -9995349.731445
mid_x = 1, mid_y = 0
cotalpha = -0.373672, cotbeta = 0.397771
pix[0].adc = 21157, pix.x = 131, pix.y = 95, irow = 0, icol = 0
pix[1].adc = 6827, pix.x = 132, pix.y = 95, irow = 1, icol = 0
trk_lp_x = 0.527424, trk_lp_y = -1.764180
0 0 0 0 0 0 0 0 0 0 0 0 0 0 0 0 0 0 0 0 0
0 0 0 0 0 0 0 0 0 0 0 0 0 0 0 0 0 0 0 0 0
0 0 0 0 0 0 0 0 0 0 0 0 0 0 0 0 0 0 0 0 0
0 0 0 0 0 0 0 0 0 0 0 0 0 0 0 0 0 0 0 0 0
0 0 0 0 0 0 0 0 0 0 0 0 0 0 0 0 0 0 0 0 0
0 0 0 0 0 0 0 0 0 0 21157 0 0 0 0 0 0 0 0 0 0
0 0 0 0 0 0 0 0 0 0 6827 0 0 0 0 0 0 0 0 0 0
0 0 0 0 0 0 0 0 0 0 0 0 0 0 0 0 0 0 0 0 0
0 0 0 0 0 0 0 0 0 0 0 0 0 0 0 0 0 0 0 0 0
0 0 0 0 0 0 0 0 0 0 0 0 0 0 0 0 0 0 0 0 0
0 0 0 0 0 0 0 0 0 0 0 0 0 0 0 0 0 0 0 0 0
0 0 0 0 0 0 0 0 0 0 0 0 0 0 0 0 0 0 0 0 0
0 0 0 0 0 0 0 0 0 0 0 0 0 0 0 0 0 0 0 0 0
Generic position: 17.030835
 1dcnn position: -15.781522
 simhit_x = 22.527575 -9995250.244141 -9995250.244141 -9995250.244141 -9995250.244141 -9995250.244141 -9995250.244141 -9995250.244141 -9995250.244141 -9995250.244141
mid_x = 0, mid_y = 1
cotalpha = -0.352104, cotbeta = -0.476706
pix[0].adc = 15585, pix.x = 140, pix.y = 174, irow = 0, icol = 0
pix[1].adc = 1394, pix.x = 140, pix.y = 175, irow = 0, icol = 1
pix[2].adc = 10466, pix.x = 141, pix.y = 175, irow = 1, icol = 1
trk_lp_x = 0.618263, trk_lp_y = -0.508396
0 0 0 0 0 0 0 0 0 0 0 0 0 0 0 0 0 0 0 0 0
0 0 0 0 0 0 0 0 0 0 0 0 0 0 0 0 0 0 0 0 0
0 0 0 0 0 0 0 0 0 0 0 0 0 0 0 0 0 0 0 0 0
0 0 0 0 0 0 0 0 0 0 0 0 0 0 0 0 0 0 0 0 0
0 0 0 0 0 0 0 0 0 0 0 0 0 0 0 0 0 0 0 0 0
0 0 0 0 0 0 0 0 0 0 0 0 0 0 0 0 0 0 0 0 0
0 0 0 0 0 0 0 0 0 15585 1394 0 0 0 0 0 0 0 0 0 0
0 0 0 0 0 0 0 0 0 0 10466 0 0 0 0 0 0 0 0 0 0
0 0 0 0 0 0 0 0 0 0 0 0 0 0 0 0 0 0 0 0 0
0 0 0 0 0 0 0 0 0 0 0 0 0 0 0 0 0 0 0 0 0
0 0 0 0 0 0 0 0 0 0 0 0 0 0 0 0 0 0 0 0 0
0 0 0 0 0 0 0 0 0 0 0 0 0 0 0 0 0 0 0 0 0
0 0 0 0 0 0 0 0 0 0 0 0 0 0 0 0 0 0 0 0 0
Generic position: 28.098822
 1dcnn position: -6.065965
 simhit_x = 34.458041 -9996149.902344 -9996149.902344 -9996149.902344 -9996149.902344 -9996149.902344 -9996149.902344 -9996149.902344 -9996149.902344 -9996149.902344
mid_x = 1, mid_y = 1
cotalpha = -0.373637, cotbeta = 0.397766
pix[0].adc = 13958, pix.x = 139, pix.y = 186, irow = 1, icol = 0
pix[1].adc = 8594, pix.x = 138, pix.y = 187, irow = 0, icol = 1
trk_lp_x = 0.599310, trk_lp_y = -0.332293
0 0 0 0 0 0 0 0 0 0 0 0 0 0 0 0 0 0 0 0 0
0 0 0 0 0 0 0 0 0 0 0 0 0 0 0 0 0 0 0 0 0
0 0 0 0 0 0 0 0 0 0 0 0 0 0 0 0 0 0 0 0 0
0 0 0 0 0 0 0 0 0 0 0 0 0 0 0 0 0 0 0 0 0
0 0 0 0 0 0 0 0 0 0 0 0 0 0 0 0 0 0 0 0 0
0 0 0 0 0 0 0 0 0 0 8594 0 0 0 0 0 0 0 0 0 0
0 0 0 0 0 0 0 0 0 13958 0 0 0 0 0 0 0 0 0 0 0
0 0 0 0 0 0 0 0 0 0 0 0 0 0 0 0 0 0 0 0 0
0 0 0 0 0 0 0 0 0 0 0 0 0 0 0 0 0 0 0 0 0
0 0 0 0 0 0 0 0 0 0 0 0 0 0 0 0 0 0 0 0 0
0 0 0 0 0 0 0 0 0 0 0 0 0 0 0 0 0 0 0 0 0
0 0 0 0 0 0 0 0 0 0 0 0 0 0 0 0 0 0 0 0 0
0 0 0 0 0 0 0 0 0 0 0 0 0 0 0 0 0 0 0 0 0
Generic position: 49.639940
 1dcnn position: 4.011393
 simhit_x = 41.512251 -9995949.707031 -9995949.707031 -9995949.707031 -9995949.707031 -9995949.707031 -9995949.707031 -9995949.707031 -9995949.707031 -9995949.707031
mid_x = 1, mid_y = 1
cotalpha = -0.352060, cotbeta = -0.476702
pix[0].adc = 7523, pix.x = 150, pix.y = 296, irow = 0, icol = 0
pix[1].adc = 11861, pix.x = 151, pix.y = 297, irow = 1, icol = 1
trk_lp_x = 0.719660, trk_lp_y = 1.381846
0 0 0 0 0 0 0 0 0 0 0 0 0 0 0 0 0 0 0 0 0
0 0 0 0 0 0 0 0 0 0 0 0 0 0 0 0 0 0 0 0 0
0 0 0 0 0 0 0 0 0 0 0 0 0 0 0 0 0 0 0 0 0
0 0 0 0 0 0 0 0 0 0 0 0 0 0 0 0 0 0 0 0 0
0 0 0 0 0 0 0 0 0 0 0 0 0 0 0 0 0 0 0 0 0
0 0 0 0 0 0 0 0 0 7523 0 0 0 0 0 0 0 0 0 0 0
0 0 0 0 0 0 0 0 0 0 11861 0 0 0 0 0 0 0 0 0 0
0 0 0 0 0 0 0 0 0 0 0 0 0 0 0 0 0 0 0 0 0
0 0 0 0 0 0 0 0 0 0 0 0 0 0 0 0 0 0 0 0 0
0 0 0 0 0 0 0 0 0 0 0 0 0 0 0 0 0 0 0 0 0
0 0 0 0 0 0 0 0 0 0 0 0 0 0 0 0 0 0 0 0 0
0 0 0 0 0 0 0 0 0 0 0 0 0 0 0 0 0 0 0 0 0
0 0 0 0 0 0 0 0 0 0 0 0 0 0 0 0 0 0 0 0 0
Generic position: 45.729876
 1dcnn position: 4.121661
 simhit_x = 48.219562 -9997150.268555 -9997150.268555 -9997150.268555 -9997150.268555 -9997150.268555 -9997150.268555 -9997150.268555 -9997150.268555 -9997150.268555
mid_x = 1, mid_y = 1
cotalpha = -0.373593, cotbeta = 0.397756
pix[0].adc = 19562, pix.x = 148, pix.y = 303, irow = 1, icol = 0
pix[1].adc = 24558, pix.x = 147, pix.y = 304, irow = 0, icol = 1
trk_lp_x = 0.690705, trk_lp_y = 1.481387
0 0 0 0 0 0 0 0 0 0 0 0 0 0 0 0 0 0 0 0 0
0 0 0 0 0 0 0 0 0 0 0 0 0 0 0 0 0 0 0 0 0
0 0 0 0 0 0 0 0 0 0 0 0 0 0 0 0 0 0 0 0 0
0 0 0 0 0 0 0 0 0 0 0 0 0 0 0 0 0 0 0 0 0
0 0 0 0 0 0 0 0 0 0 0 0 0 0 0 0 0 0 0 0 0
0 0 0 0 0 0 0 0 0 0 24558 0 0 0 0 0 0 0 0 0 0
0 0 0 0 0 0 0 0 0 19562 0 0 0 0 0 0 0 0 0 0 0
0 0 0 0 0 0 0 0 0 0 0 0 0 0 0 0 0 0 0 0 0
0 0 0 0 0 0 0 0 0 0 0 0 0 0 0 0 0 0 0 0 0
0 0 0 0 0 0 0 0 0 0 0 0 0 0 0 0 0 0 0 0 0
0 0 0 0 0 0 0 0 0 0 0 0 0 0 0 0 0 0 0 0 0
0 0 0 0 0 0 0 0 0 0 0 0 0 0 0 0 0 0 0 0 0
0 0 0 0 0 0 0 0 0 0 0 0 0 0 0 0 0 0 0 0 0
Generic position: 37.404895
 1dcnn position: 0.901222
 simhit_x = 55.695772 -9996849.975586 -9996849.975586 -9996849.975586 -9996849.975586 -9996849.975586 -9996849.975586 -9996849.975586 -9996849.975586 -9996849.975586
Begin processing the 11th record. Run 1, Event 11, LumiSection 1 on stream 0 at 21-Jul-2021 23:46:21.040 CDT
Begin processing the 12th record. Run 1, Event 12, LumiSection 1 on stream 0 at 21-Jul-2021 23:46:21.084 CDT
mid_x = 0, mid_y = 1
cotalpha = 0.043896, cotbeta = 0.694545
pix[0].adc = 13658, pix.x = 105, pix.y = 28, irow = 0, icol = 0
pix[1].adc = 5459, pix.x = 105, pix.y = 29, irow = 0, icol = 1
pix[2].adc = 9299, pix.x = 106, pix.y = 29, irow = 1, icol = 1
trk_lp_x = 0.264094, trk_lp_y = -2.790630
0 0 0 0 0 0 0 0 0 0 0 0 0 0 0 0 0 0 0 0 0
0 0 0 0 0 0 0 0 0 0 0 0 0 0 0 0 0 0 0 0 0
0 0 0 0 0 0 0 0 0 0 0 0 0 0 0 0 0 0 0 0 0
0 0 0 0 0 0 0 0 0 0 0 0 0 0 0 0 0 0 0 0 0
0 0 0 0 0 0 0 0 0 0 0 0 0 0 0 0 0 0 0 0 0
0 0 0 0 0 0 0 0 0 0 0 0 0 0 0 0 0 0 0 0 0
0 0 0 0 0 0 0 0 0 13658 5459 0 0 0 0 0 0 0 0 0 0
0 0 0 0 0 0 0 0 0 0 9299 0 0 0 0 0 0 0 0 0 0
0 0 0 0 0 0 0 0 0 0 0 0 0 0 0 0 0 0 0 0 0
0 0 0 0 0 0 0 0 0 0 0 0 0 0 0 0 0 0 0 0 0
0 0 0 0 0 0 0 0 0 0 0 0 0 0 0 0 0 0 0 0 0
0 0 0 0 0 0 0 0 0 0 0 0 0 0 0 0 0 0 0 0 0
0 0 0 0 0 0 0 0 0 0 0 0 0 0 0 0 0 0 0 0 0
Generic position: -9.155571
 1dcnn position: -21.476150
 simhit_x = -14.975071 -9992650.146484 -9992650.146484 -9992650.146484 -9992650.146484 -9992650.146484 -9992650.146484 -9992650.146484 -9992650.146484 -9992650.146484
mid_x = 1, mid_y = 0
cotalpha = 0.022240, cotbeta = 0.694929
pix[0].adc = 3303, pix.x = 42, pix.y = 304, irow = 0, icol = 0
pix[1].adc = 3999, pix.x = 43, pix.y = 304, irow = 1, icol = 0
pix[2].adc = 20601, pix.x = 43, pix.y = 305, irow = 1, icol = 1
trk_lp_x = -0.381015, trk_lp_y = 1.503506
0 0 0 0 0 0 0 0 0 0 0 0 0 0 0 0 0 0 0 0 0
0 0 0 0 0 0 0 0 0 0 0 0 0 0 0 0 0 0 0 0 0
0 0 0 0 0 0 0 0 0 0 0 0 0 0 0 0 0 0 0 0 0
0 0 0 0 0 0 0 0 0 0 0 0 0 0 0 0 0 0 0 0 0
0 0 0 0 0 0 0 0 0 0 0 0 0 0 0 0 0 0 0 0 0
0 0 0 0 0 0 0 0 0 0 3303 0 0 0 0 0 0 0 0 0 0
0 0 0 0 0 0 0 0 0 0 3999 20601 0 0 0 0 0 0 0 0 0
0 0 0 0 0 0 0 0 0 0 0 0 0 0 0 0 0 0 0 0 0
0 0 0 0 0 0 0 0 0 0 0 0 0 0 0 0 0 0 0 0 0
0 0 0 0 0 0 0 0 0 0 0 0 0 0 0 0 0 0 0 0 0
0 0 0 0 0 0 0 0 0 0 0 0 0 0 0 0 0 0 0 0 0
0 0 0 0 0 0 0 0 0 0 0 0 0 0 0 0 0 0 0 0 0
0 0 0 0 0 0 0 0 0 0 0 0 0 0 0 0 0 0 0 0 0
Generic position: 32.487810
 1dcnn position: 40.158927
 simhit_x = 48.073828 -9986149.902344 -9986149.902344 -9986149.902344 -9986149.902344 -9986149.902344 -9986149.902344 -9986149.902344 -9986149.902344 -9986149.902344
Begin processing the 13th record. Run 1, Event 13, LumiSection 1 on stream 0 at 21-Jul-2021 23:46:21.138 CDT
mid_x = 1, mid_y = 0
cotalpha = -0.025536, cotbeta = 0.358310
pix[0].adc = 18928, pix.x = 67, pix.y = 353, irow = 0, icol = 0
pix[1].adc = 10585, pix.x = 68, pix.y = 353, irow = 1, icol = 0
pix[2].adc = 3448, pix.x = 68, pix.y = 354, irow = 1, icol = 1
trk_lp_x = -0.134805, trk_lp_y = 2.260989
0 0 0 0 0 0 0 0 0 0 0 0 0 0 0 0 0 0 0 0 0
0 0 0 0 0 0 0 0 0 0 0 0 0 0 0 0 0 0 0 0 0
0 0 0 0 0 0 0 0 0 0 0 0 0 0 0 0 0 0 0 0 0
0 0 0 0 0 0 0 0 0 0 0 0 0 0 0 0 0 0 0 0 0
0 0 0 0 0 0 0 0 0 0 0 0 0 0 0 0 0 0 0 0 0
0 0 0 0 0 0 0 0 0 0 18928 0 0 0 0 0 0 0 0 0 0
0 0 0 0 0 0 0 0 0 0 10585 3448 0 0 0 0 0 0 0 0 0
0 0 0 0 0 0 0 0 0 0 0 0 0 0 0 0 0 0 0 0 0
0 0 0 0 0 0 0 0 0 0 0 0 0 0 0 0 0 0 0 0 0
0 0 0 0 0 0 0 0 0 0 0 0 0 0 0 0 0 0 0 0 0
0 0 0 0 0 0 0 0 0 0 0 0 0 0 0 0 0 0 0 0 0
0 0 0 0 0 0 0 0 0 0 0 0 0 0 0 0 0 0 0 0 0
0 0 0 0 0 0 0 0 0 0 0 0 0 0 0 0 0 0 0 0 0
Generic position: 1.887828
 1dcnn position: 0.295639
 simhit_x = 5.385280 -9988649.902344 -9988649.902344 -9988649.902344 -9988649.902344 -9988649.902344 -9988649.902344 -9988649.902344 -9988649.902344 -9988649.902344
mid_x = 1, mid_y = 0
cotalpha = 0.057573, cotbeta = -0.358787
pix[0].adc = 7015, pix.x = 14, pix.y = 9, irow = 0, icol = 0
pix[1].adc = 21722, pix.x = 15, pix.y = 9, irow = 1, icol = 0
trk_lp_x = -0.662643, trk_lp_y = -3.080882
0 0 0 0 0 0 0 0 0 0 0 0 0 0 0 0 0 0 0 0 0
0 0 0 0 0 0 0 0 0 0 0 0 0 0 0 0 0 0 0 0 0
0 0 0 0 0 0 0 0 0 0 0 0 0 0 0 0 0 0 0 0 0
0 0 0 0 0 0 0 0 0 0 0 0 0 0 0 0 0 0 0 0 0
0 0 0 0 0 0 0 0 0 0 0 0 0 0 0 0 0 0 0 0 0
0 0 0 0 0 0 0 0 0 0 7015 0 0 0 0 0 0 0 0 0 0
0 0 0 0 0 0 0 0 0 0 21722 0 0 0 0 0 0 0 0 0 0
0 0 0 0 0 0 0 0 0 0 0 0 0 0 0 0 0 0 0 0 0
0 0 0 0 0 0 0 0 0 0 0 0 0 0 0 0 0 0 0 0 0
0 0 0 0 0 0 0 0 0 0 0 0 0 0 0 0 0 0 0 0 0
0 0 0 0 0 0 0 0 0 0 0 0 0 0 0 0 0 0 0 0 0
0 0 0 0 0 0 0 0 0 0 0 0 0 0 0 0 0 0 0 0 0
0 0 0 0 0 0 0 0 0 0 0 0 0 0 0 0 0 0 0 0 0
Generic position: 23.086071
 1dcnn position: 29.583573
 simhit_x = 17.936230 21.396279 -9983350.219727 -9983350.219727 -9983350.219727 -9983350.219727 -9983350.219727 -9983350.219727 -9983350.219727 -9983350.219727
mid_x = 0, mid_y = 1
cotalpha = -0.008922, cotbeta = 0.358209
pix[0].adc = 13097, pix.x = 72, pix.y = 134, irow = 0, icol = 0
pix[1].adc = 10106, pix.x = 72, pix.y = 135, irow = 0, icol = 1
pix[2].adc = 3140, pix.x = 73, pix.y = 135, irow = 1, icol = 1
trk_lp_x = -0.089627, trk_lp_y = -1.140005
0 0 0 0 0 0 0 0 0 0 0 0 0 0 0 0 0 0 0 0 0
0 0 0 0 0 0 0 0 0 0 0 0 0 0 0 0 0 0 0 0 0
0 0 0 0 0 0 0 0 0 0 0 0 0 0 0 0 0 0 0 0 0
0 0 0 0 0 0 0 0 0 0 0 0 0 0 0 0 0 0 0 0 0
0 0 0 0 0 0 0 0 0 0 0 0 0 0 0 0 0 0 0 0 0
0 0 0 0 0 0 0 0 0 0 0 0 0 0 0 0 0 0 0 0 0
0 0 0 0 0 0 0 0 0 13097 10106 0 0 0 0 0 0 0 0 0 0
0 0 0 0 0 0 0 0 0 0 3140 0 0 0 0 0 0 0 0 0 0
0 0 0 0 0 0 0 0 0 0 0 0 0 0 0 0 0 0 0 0 0
0 0 0 0 0 0 0 0 0 0 0 0 0 0 0 0 0 0 0 0 0
0 0 0 0 0 0 0 0 0 0 0 0 0 0 0 0 0 0 0 0 0
0 0 0 0 0 0 0 0 0 0 0 0 0 0 0 0 0 0 0 0 0
0 0 0 0 0 0 0 0 0 0 0 0 0 0 0 0 0 0 0 0 0
Generic position: -42.392761
 1dcnn position: -41.154176
 simhit_x = -46.862811 -9989149.780273 -9989149.780273 -9989149.780273 -9989149.780273 -9989149.780273 -9989149.780273 -9989149.780273 -9989149.780273 -9989149.780273
mid_x = 1, mid_y = 0
cotalpha = 0.060047, cotbeta = 0.358346
pix[0].adc = 11856, pix.x = 21, pix.y = 376, irow = 0, icol = 0
pix[1].adc = 8566, pix.x = 22, pix.y = 376, irow = 1, icol = 0
pix[2].adc = 4651, pix.x = 22, pix.y = 377, irow = 1, icol = 1
trk_lp_x = -0.595096, trk_lp_y = 2.636921
0 0 0 0 0 0 0 0 0 0 0 0 0 0 0 0 0 0 0 0 0
0 0 0 0 0 0 0 0 0 0 0 0 0 0 0 0 0 0 0 0 0
0 0 0 0 0 0 0 0 0 0 0 0 0 0 0 0 0 0 0 0 0
0 0 0 0 0 0 0 0 0 0 0 0 0 0 0 0 0 0 0 0 0
0 0 0 0 0 0 0 0 0 0 0 0 0 0 0 0 0 0 0 0 0
0 0 0 0 0 0 0 0 0 0 11856 0 0 0 0 0 0 0 0 0 0
0 0 0 0 0 0 0 0 0 0 8566 4651 0 0 0 0 0 0 0 0 0
0 0 0 0 0 0 0 0 0 0 0 0 0 0 0 0 0 0 0 0 0
0 0 0 0 0 0 0 0 0 0 0 0 0 0 0 0 0 0 0 0 0
0 0 0 0 0 0 0 0 0 0 0 0 0 0 0 0 0 0 0 0 0
0 0 0 0 0 0 0 0 0 0 0 0 0 0 0 0 0 0 0 0 0
0 0 0 0 0 0 0 0 0 0 0 0 0 0 0 0 0 0 0 0 0
0 0 0 0 0 0 0 0 0 0 0 0 0 0 0 0 0 0 0 0 0
Generic position: 3.835559
 1dcnn position: 6.125569
 simhit_x = -7.172823 -9984050.292969 -9984050.292969 -9984050.292969 -9984050.292969 -9984050.292969 -9984050.292969 -9984050.292969 -9984050.292969 -9984050.292969
Begin processing the 14th record. Run 1, Event 14, LumiSection 1 on stream 0 at 21-Jul-2021 23:46:21.185 CDT
mid_x = 1, mid_y = 2
cotalpha = 0.020823, cotbeta = 1.602046
pix[0].adc = 5589, pix.x = 70, pix.y = 328, irow = 0, icol = 0
pix[1].adc = 14265, pix.x = 71, pix.y = 329, irow = 1, icol = 1
pix[2].adc = 14888, pix.x = 71, pix.y = 330, irow = 1, icol = 2
pix[3].adc = 7935, pix.x = 71, pix.y = 331, irow = 1, icol = 3
trk_lp_x = -0.100733, trk_lp_y = 1.904615
0 0 0 0 0 0 0 0 0 0 0 0 0 0 0 0 0 0 0 0 0
0 0 0 0 0 0 0 0 0 0 0 0 0 0 0 0 0 0 0 0 0
0 0 0 0 0 0 0 0 0 0 0 0 0 0 0 0 0 0 0 0 0
0 0 0 0 0 0 0 0 0 0 0 0 0 0 0 0 0 0 0 0 0
0 0 0 0 0 0 0 0 0 0 0 0 0 0 0 0 0 0 0 0 0
0 0 0 0 0 0 0 0 5589 0 0 0 0 0 0 0 0 0 0 0 0
0 0 0 0 0 0 0 0 0 14265 14888 7935 0 0 0 0 0 0 0 0 0
0 0 0 0 0 0 0 0 0 0 0 0 0 0 0 0 0 0 0 0 0
0 0 0 0 0 0 0 0 0 0 0 0 0 0 0 0 0 0 0 0 0
0 0 0 0 0 0 0 0 0 0 0 0 0 0 0 0 0 0 0 0 0
0 0 0 0 0 0 0 0 0 0 0 0 0 0 0 0 0 0 0 0 0
0 0 0 0 0 0 0 0 0 0 0 0 0 0 0 0 0 0 0 0 0
0 0 0 0 0 0 0 0 0 0 0 0 0 0 0 0 0 0 0 0 0
Generic position: 42.942092
 1dcnn position: 38.079321
 simhit_x = 41.744411 -9988950.195312 -9988950.195312 -9988950.195312 -9988950.195312 -9988950.195312 -9988950.195312 -9988950.195312 -9988950.195312 -9988950.195312
mid_x = 1, mid_y = 1
cotalpha = 0.049425, cotbeta = -1.603648
pix[0].adc = 9175, pix.x = 139, pix.y = 334, irow = 1, icol = 0
pix[1].adc = 11398, pix.x = 139, pix.y = 335, irow = 1, icol = 1
pix[2].adc = 18838, pix.x = 138, pix.y = 336, irow = 0, icol = 2
trk_lp_x = 0.595957, trk_lp_y = 1.990217
0 0 0 0 0 0 0 0 0 0 0 0 0 0 0 0 0 0 0 0 0
0 0 0 0 0 0 0 0 0 0 0 0 0 0 0 0 0 0 0 0 0
0 0 0 0 0 0 0 0 0 0 0 0 0 0 0 0 0 0 0 0 0
0 0 0 0 0 0 0 0 0 0 0 0 0 0 0 0 0 0 0 0 0
0 0 0 0 0 0 0 0 0 0 0 0 0 0 0 0 0 0 0 0 0
0 0 0 0 0 0 0 0 0 0 0 18838 0 0 0 0 0 0 0 0 0
0 0 0 0 0 0 0 0 0 9175 11398 0 0 0 0 0 0 0 0 0 0
0 0 0 0 0 0 0 0 0 0 0 0 0 0 0 0 0 0 0 0 0
0 0 0 0 0 0 0 0 0 0 0 0 0 0 0 0 0 0 0 0 0
0 0 0 0 0 0 0 0 0 0 0 0 0 0 0 0 0 0 0 0 0
0 0 0 0 0 0 0 0 0 0 0 0 0 0 0 0 0 0 0 0 0
0 0 0 0 0 0 0 0 0 0 0 0 0 0 0 0 0 0 0 0 0
0 0 0 0 0 0 0 0 0 0 0 0 0 0 0 0 0 0 0 0 0
Generic position: 9.254813
 1dcnn position: 8.876920
 simhit_x = 11.835694 -9995949.707031 -9995949.707031 -9995949.707031 -9995949.707031 -9995949.707031 -9995949.707031 -9995949.707031 -9995949.707031 -9995949.707031
mid_x = 0, mid_y = 2
cotalpha = 0.018678, cotbeta = -1.601967
pix[0].adc = 4709, pix.x = 116, pix.y = 240, irow = 1, icol = 0
pix[1].adc = 20769, pix.x = 115, pix.y = 241, irow = 0, icol = 1
pix[2].adc = 10356, pix.x = 115, pix.y = 242, irow = 0, icol = 2
pix[3].adc = 6976, pix.x = 115, pix.y = 243, irow = 0, icol = 3
trk_lp_x = 0.360116, trk_lp_y = 0.525966
0 0 0 0 0 0 0 0 0 0 0 0 0 0 0 0 0 0 0 0 0
0 0 0 0 0 0 0 0 0 0 0 0 0 0 0 0 0 0 0 0 0
0 0 0 0 0 0 0 0 0 0 0 0 0 0 0 0 0 0 0 0 0
0 0 0 0 0 0 0 0 0 0 0 0 0 0 0 0 0 0 0 0 0
0 0 0 0 0 0 0 0 0 0 0 0 0 0 0 0 0 0 0 0 0
0 0 0 0 0 0 0 0 0 0 0 0 0 0 0 0 0 0 0 0 0
0 0 0 0 0 0 0 0 0 20769 10356 6976 0 0 0 0 0 0 0 0 0
0 0 0 0 0 0 0 0 4709 0 0 0 0 0 0 0 0 0 0 0 0
0 0 0 0 0 0 0 0 0 0 0 0 0 0 0 0 0 0 0 0 0
0 0 0 0 0 0 0 0 0 0 0 0 0 0 0 0 0 0 0 0 0
0 0 0 0 0 0 0 0 0 0 0 0 0 0 0 0 0 0 0 0 0
0 0 0 0 0 0 0 0 0 0 0 0 0 0 0 0 0 0 0 0 0
0 0 0 0 0 0 0 0 0 0 0 0 0 0 0 0 0 0 0 0 0
Generic position: -41.523874
 1dcnn position: -41.662157
 simhit_x = -46.740770 -9993649.902344 -9993649.902344 -9993649.902344 -9993649.902344 -9993649.902344 -9993649.902344 -9993649.902344 -9993649.902344 -9993649.902344
mid_x = 0, mid_y = 1
cotalpha = 0.051904, cotbeta = 1.603870
pix[0].adc = 11761, pix.x = 131, pix.y = 26, irow = 0, icol = 0
pix[1].adc = 18018, pix.x = 131, pix.y = 27, irow = 0, icol = 1
pix[2].adc = 17941, pix.x = 132, pix.y = 28, irow = 1, icol = 2
trk_lp_x = 0.523673, trk_lp_y = -2.810737
0 0 0 0 0 0 0 0 0 0 0 0 0 0 0 0 0 0 0 0 0
0 0 0 0 0 0 0 0 0 0 0 0 0 0 0 0 0 0 0 0 0
0 0 0 0 0 0 0 0 0 0 0 0 0 0 0 0 0 0 0 0 0
0 0 0 0 0 0 0 0 0 0 0 0 0 0 0 0 0 0 0 0 0
0 0 0 0 0 0 0 0 0 0 0 0 0 0 0 0 0 0 0 0 0
0 0 0 0 0 0 0 0 0 0 0 0 0 0 0 0 0 0 0 0 0
0 0 0 0 0 0 0 0 0 11761 18018 0 0 0 0 0 0 0 0 0 0
0 0 0 0 0 0 0 0 0 0 0 17941 0 0 0 0 0 0 0 0 0
0 0 0 0 0 0 0 0 0 0 0 0 0 0 0 0 0 0 0 0 0
0 0 0 0 0 0 0 0 0 0 0 0 0 0 0 0 0 0 0 0 0
0 0 0 0 0 0 0 0 0 0 0 0 0 0 0 0 0 0 0 0 0
0 0 0 0 0 0 0 0 0 0 0 0 0 0 0 0 0 0 0 0 0
0 0 0 0 0 0 0 0 0 0 0 0 0 0 0 0 0 0 0 0 0
Generic position: -13.068318
 1dcnn position: -16.748309
 simhit_x = -15.031099 -9995250.244141 -9995250.244141 -9995250.244141 -9995250.244141 -9995250.244141 -9995250.244141 -9995250.244141 -9995250.244141 -9995250.244141
Begin processing the 15th record. Run 1, Event 15, LumiSection 1 on stream 0 at 21-Jul-2021 23:46:21.231 CDT
mid_x = 1, mid_y = 0
cotalpha = 0.387624, cotbeta = 0.189495
pix[0].adc = 19435, pix.x = 112, pix.y = 38, irow = 0, icol = 0
pix[1].adc = 5634, pix.x = 113, pix.y = 38, irow = 1, icol = 0
trk_lp_x = 0.338189, trk_lp_y = -2.648532
0 0 0 0 0 0 0 0 0 0 0 0 0 0 0 0 0 0 0 0 0
0 0 0 0 0 0 0 0 0 0 0 0 0 0 0 0 0 0 0 0 0
0 0 0 0 0 0 0 0 0 0 0 0 0 0 0 0 0 0 0 0 0
0 0 0 0 0 0 0 0 0 0 0 0 0 0 0 0 0 0 0 0 0
0 0 0 0 0 0 0 0 0 0 0 0 0 0 0 0 0 0 0 0 0
0 0 0 0 0 0 0 0 0 0 19435 0 0 0 0 0 0 0 0 0 0
0 0 0 0 0 0 0 0 0 0 5634 0 0 0 0 0 0 0 0 0 0
0 0 0 0 0 0 0 0 0 0 0 0 0 0 0 0 0 0 0 0 0
0 0 0 0 0 0 0 0 0 0 0 0 0 0 0 0 0 0 0 0 0
0 0 0 0 0 0 0 0 0 0 0 0 0 0 0 0 0 0 0 0 0
0 0 0 0 0 0 0 0 0 0 0 0 0 0 0 0 0 0 0 0 0
0 0 0 0 0 0 0 0 0 0 0 0 0 0 0 0 0 0 0 0 0
0 0 0 0 0 0 0 0 0 0 0 0 0 0 0 0 0 0 0 0 0
Generic position: 24.896860
 1dcnn position: -6.861687
 simhit_x = 33.977926 -9993350.219727 -9993350.219727 -9993350.219727 -9993350.219727 -9993350.219727 -9993350.219727 -9993350.219727 -9993350.219727 -9993350.219727
mid_x = 1, mid_y = 0
cotalpha = 0.407538, cotbeta = 0.435733
pix[0].adc = 9726, pix.x = 154, pix.y = 398, irow = 0, icol = 0
pix[1].adc = 12782, pix.x = 155, pix.y = 398, irow = 1, icol = 0
pix[2].adc = 4836, pix.x = 155, pix.y = 399, irow = 1, icol = 1
trk_lp_x = 0.761987, trk_lp_y = 2.963587
0 0 0 0 0 0 0 0 0 0 0 0 0 0 0 0 0 0 0 0 0
0 0 0 0 0 0 0 0 0 0 0 0 0 0 0 0 0 0 0 0 0
0 0 0 0 0 0 0 0 0 0 0 0 0 0 0 0 0 0 0 0 0
0 0 0 0 0 0 0 0 0 0 0 0 0 0 0 0 0 0 0 0 0
0 0 0 0 0 0 0 0 0 0 0 0 0 0 0 0 0 0 0 0 0
0 0 0 0 0 0 0 0 0 0 9726 0 0 0 0 0 0 0 0 0 0
0 0 0 0 0 0 0 0 0 0 12782 4836 0 0 0 0 0 0 0 0 0
0 0 0 0 0 0 0 0 0 0 0 0 0 0 0 0 0 0 0 0 0
0 0 0 0 0 0 0 0 0 0 0 0 0 0 0 0 0 0 0 0 0
0 0 0 0 0 0 0 0 0 0 0 0 0 0 0 0 0 0 0 0 0
0 0 0 0 0 0 0 0 0 0 0 0 0 0 0 0 0 0 0 0 0
0 0 0 0 0 0 0 0 0 0 0 0 0 0 0 0 0 0 0 0 0
0 0 0 0 0 0 0 0 0 0 0 0 0 0 0 0 0 0 0 0 0
Generic position: 74.666142
 1dcnn position: 5.624294
 simhit_x = 72.254539 -9997550.048828 -9997550.048828 -9997550.048828 -9997550.048828 -9997550.048828 -9997550.048828 -9997550.048828 -9997550.048828 -9997550.048828
Begin processing the 16th record. Run 1, Event 16, LumiSection 1 on stream 0 at 21-Jul-2021 23:46:21.285 CDT
mid_x = 1, mid_y = 2
cotalpha = 0.062508, cotbeta = -1.634517
pix[0].adc = 7096, pix.x = 126, pix.y = 45, irow = 1, icol = 0
pix[1].adc = 20625, pix.x = 126, pix.y = 46, irow = 1, icol = 1
pix[2].adc = 6687, pix.x = 125, pix.y = 47, irow = 0, icol = 2
pix[3].adc = 5296, pix.x = 125, pix.y = 48, irow = 0, icol = 3
trk_lp_x = 0.466694, trk_lp_y = -2.521210
0 0 0 0 0 0 0 0 0 0 0 0 0 0 0 0 0 0 0 0 0
0 0 0 0 0 0 0 0 0 0 0 0 0 0 0 0 0 0 0 0 0
0 0 0 0 0 0 0 0 0 0 0 0 0 0 0 0 0 0 0 0 0
0 0 0 0 0 0 0 0 0 0 0 0 0 0 0 0 0 0 0 0 0
0 0 0 0 0 0 0 0 0 0 0 0 0 0 0 0 0 0 0 0 0
0 0 0 0 0 0 0 0 0 0 6687 5296 0 0 0 0 0 0 0 0 0
0 0 0 0 0 0 0 0 7096 20625 0 0 0 0 0 0 0 0 0 0 0
0 0 0 0 0 0 0 0 0 0 0 0 0 0 0 0 0 0 0 0 0
0 0 0 0 0 0 0 0 0 0 0 0 0 0 0 0 0 0 0 0 0
0 0 0 0 0 0 0 0 0 0 0 0 0 0 0 0 0 0 0 0 0
0 0 0 0 0 0 0 0 0 0 0 0 0 0 0 0 0 0 0 0 0
0 0 0 0 0 0 0 0 0 0 0 0 0 0 0 0 0 0 0 0 0
0 0 0 0 0 0 0 0 0 0 0 0 0 0 0 0 0 0 0 0 0
Generic position: 22.230744
 1dcnn position: 22.006035
 simhit_x = 10.912418 -9994650.268555 -9994650.268555 -9994650.268555 -9994650.268555 -9994650.268555 -9994650.268555 -9994650.268555 -9994650.268555 -9994650.268555
Begin processing the 17th record. Run 1, Event 17, LumiSection 1 on stream 0 at 21-Jul-2021 23:46:21.337 CDT
mid_x = 1, mid_y = 0
cotalpha = 0.370249, cotbeta = 0.461822
pix[0].adc = 3817, pix.x = 11, pix.y = 280, irow = 0, icol = 0
pix[1].adc = 8671, pix.x = 12, pix.y = 280, irow = 1, icol = 0
pix[2].adc = 12006, pix.x = 12, pix.y = 281, irow = 1, icol = 1
trk_lp_x = -0.686143, trk_lp_y = 1.137654
0 0 0 0 0 0 0 0 0 0 0 0 0 0 0 0 0 0 0 0 0
0 0 0 0 0 0 0 0 0 0 0 0 0 0 0 0 0 0 0 0 0
0 0 0 0 0 0 0 0 0 0 0 0 0 0 0 0 0 0 0 0 0
0 0 0 0 0 0 0 0 0 0 0 0 0 0 0 0 0 0 0 0 0
0 0 0 0 0 0 0 0 0 0 0 0 0 0 0 0 0 0 0 0 0
0 0 0 0 0 0 0 0 0 0 3817 0 0 0 0 0 0 0 0 0 0
0 0 0 0 0 0 0 0 0 0 8671 12006 0 0 0 0 0 0 0 0 0
0 0 0 0 0 0 0 0 0 0 0 0 0 0 0 0 0 0 0 0 0
0 0 0 0 0 0 0 0 0 0 0 0 0 0 0 0 0 0 0 0 0
0 0 0 0 0 0 0 0 0 0 0 0 0 0 0 0 0 0 0 0 0
0 0 0 0 0 0 0 0 0 0 0 0 0 0 0 0 0 0 0 0 0
0 0 0 0 0 0 0 0 0 0 0 0 0 0 0 0 0 0 0 0 0
0 0 0 0 0 0 0 0 0 0 0 0 0 0 0 0 0 0 0 0 0
Generic position: 90.290904
 1dcnn position: 23.121834
 simhit_x = 88.451505 -9983049.926758 -9983049.926758 -9983049.926758 -9983049.926758 -9983049.926758 -9983049.926758 -9983049.926758 -9983049.926758 -9983049.926758
mid_x = 1, mid_y = 1
cotalpha = 0.363615, cotbeta = -0.290115
pix[0].adc = 9766, pix.x = 3, pix.y = 21, irow = 1, icol = 0
pix[1].adc = 17635, pix.x = 2, pix.y = 22, irow = 0, icol = 1
trk_lp_x = -0.781297, trk_lp_y = -2.892437
0 0 0 0 0 0 0 0 0 0 0 0 0 0 0 0 0 0 0 0 0
0 0 0 0 0 0 0 0 0 0 0 0 0 0 0 0 0 0 0 0 0
0 0 0 0 0 0 0 0 0 0 0 0 0 0 0 0 0 0 0 0 0
0 0 0 0 0 0 0 0 0 0 0 0 0 0 0 0 0 0 0 0 0
0 0 0 0 0 0 0 0 0 0 0 0 0 0 0 0 0 0 0 0 0
0 0 0 0 0 0 0 0 0 0 17635 0 0 0 0 0 0 0 0 0 0
0 0 0 0 0 0 0 0 0 9766 0 0 0 0 0 0 0 0 0 0 0
0 0 0 0 0 0 0 0 0 0 0 0 0 0 0 0 0 0 0 0 0
0 0 0 0 0 0 0 0 0 0 0 0 0 0 0 0 0 0 0 0 0
0 0 0 0 0 0 0 0 0 0 0 0 0 0 0 0 0 0 0 0 0
0 0 0 0 0 0 0 0 0 0 0 0 0 0 0 0 0 0 0 0 0
0 0 0 0 0 0 0 0 0 0 0 0 0 0 0 0 0 0 0 0 0
0 0 0 0 0 0 0 0 0 0 0 0 0 0 0 0 0 0 0 0 0
Generic position: 41.312575
 1dcnn position: -2.688169
 simhit_x = 36.795735 -9982150.268555 -9982150.268555 -9982150.268555 -9982150.268555 -9982150.268555 -9982150.268555 -9982150.268555 -9982150.268555 -9982150.268555
mid_x = 1, mid_y = 0
cotalpha = 0.362451, cotbeta = 0.216288
pix[0].adc = 22943, pix.x = 6, pix.y = 49, irow = 0, icol = 0
pix[1].adc = 3209, pix.x = 7, pix.y = 49, irow = 1, icol = 0
trk_lp_x = -0.743492, trk_lp_y = -2.484722
0 0 0 0 0 0 0 0 0 0 0 0 0 0 0 0 0 0 0 0 0
0 0 0 0 0 0 0 0 0 0 0 0 0 0 0 0 0 0 0 0 0
0 0 0 0 0 0 0 0 0 0 0 0 0 0 0 0 0 0 0 0 0
0 0 0 0 0 0 0 0 0 0 0 0 0 0 0 0 0 0 0 0 0
0 0 0 0 0 0 0 0 0 0 0 0 0 0 0 0 0 0 0 0 0
0 0 0 0 0 0 0 0 0 0 22943 0 0 0 0 0 0 0 0 0 0
0 0 0 0 0 0 0 0 0 0 3209 0 0 0 0 0 0 0 0 0 0
0 0 0 0 0 0 0 0 0 0 0 0 0 0 0 0 0 0 0 0 0
0 0 0 0 0 0 0 0 0 0 0 0 0 0 0 0 0 0 0 0 0
0 0 0 0 0 0 0 0 0 0 0 0 0 0 0 0 0 0 0 0 0
0 0 0 0 0 0 0 0 0 0 0 0 0 0 0 0 0 0 0 0 0
0 0 0 0 0 0 0 0 0 0 0 0 0 0 0 0 0 0 0 0 0
0 0 0 0 0 0 0 0 0 0 0 0 0 0 0 0 0 0 0 0 0
Generic position: 15.632510
 1dcnn position: -11.508465
 simhit_x = 15.640259 -9982550.048828 -9982550.048828 -9982550.048828 -9982550.048828 -9982550.048828 -9982550.048828 -9982550.048828 -9982550.048828 -9982550.048828
mid_x = 1, mid_y = 1
cotalpha = 0.370308, cotbeta = 0.461833
pix[0].adc = 22273, pix.x = 2, pix.y = 401, irow = 0, icol = 0
pix[1].adc = 9097, pix.x = 3, pix.y = 402, irow = 1, icol = 1
trk_lp_x = -0.781294, trk_lp_y = 3.011153
0 0 0 0 0 0 0 0 0 0 0 0 0 0 0 0 0 0 0 0 0
0 0 0 0 0 0 0 0 0 0 0 0 0 0 0 0 0 0 0 0 0
0 0 0 0 0 0 0 0 0 0 0 0 0 0 0 0 0 0 0 0 0
0 0 0 0 0 0 0 0 0 0 0 0 0 0 0 0 0 0 0 0 0
0 0 0 0 0 0 0 0 0 0 0 0 0 0 0 0 0 0 0 0 0
0 0 0 0 0 0 0 0 0 22273 0 0 0 0 0 0 0 0 0 0 0
0 0 0 0 0 0 0 0 0 0 9097 0 0 0 0 0 0 0 0 0 0
0 0 0 0 0 0 0 0 0 0 0 0 0 0 0 0 0 0 0 0 0
0 0 0 0 0 0 0 0 0 0 0 0 0 0 0 0 0 0 0 0 0
0 0 0 0 0 0 0 0 0 0 0 0 0 0 0 0 0 0 0 0 0
0 0 0 0 0 0 0 0 0 0 0 0 0 0 0 0 0 0 0 0 0
0 0 0 0 0 0 0 0 0 0 0 0 0 0 0 0 0 0 0 0 0
0 0 0 0 0 0 0 0 0 0 0 0 0 0 0 0 0 0 0 0 0
Generic position: 43.835640
 1dcnn position: -2.485514
 simhit_x = 38.719177 -9982150.268555 -9982150.268555 -9982150.268555 -9982150.268555 -9982150.268555 -9982150.268555 -9982150.268555 -9982150.268555 -9982150.268555
mid_x = 1, mid_y = 1
cotalpha = 0.362516, cotbeta = 0.216293
pix[0].adc = 35957, pix.x = 6, pix.y = 192, irow = 0, icol = 0
pix[1].adc = 6764, pix.x = 7, pix.y = 193, irow = 1, icol = 1
trk_lp_x = -0.741808, trk_lp_y = -0.242460
0 0 0 0 0 0 0 0 0 0 0 0 0 0 0 0 0 0 0 0 0
0 0 0 0 0 0 0 0 0 0 0 0 0 0 0 0 0 0 0 0 0
0 0 0 0 0 0 0 0 0 0 0 0 0 0 0 0 0 0 0 0 0
0 0 0 0 0 0 0 0 0 0 0 0 0 0 0 0 0 0 0 0 0
0 0 0 0 0 0 0 0 0 0 0 0 0 0 0 0 0 0 0 0 0
0 0 0 0 0 0 0 0 0 35957 0 0 0 0 0 0 0 0 0 0 0
0 0 0 0 0 0 0 0 0 0 6764 0 0 0 0 0 0 0 0 0 0
0 0 0 0 0 0 0 0 0 0 0 0 0 0 0 0 0 0 0 0 0
0 0 0 0 0 0 0 0 0 0 0 0 0 0 0 0 0 0 0 0 0
0 0 0 0 0 0 0 0 0 0 0 0 0 0 0 0 0 0 0 0 0
0 0 0 0 0 0 0 0 0 0 0 0 0 0 0 0 0 0 0 0 0
0 0 0 0 0 0 0 0 0 0 0 0 0 0 0 0 0 0 0 0 0
0 0 0 0 0 0 0 0 0 0 0 0 0 0 0 0 0 0 0 0 0
Generic position: 26.713014
 1dcnn position: -0.251532
 simhit_x = 34.413338 -9982550.048828 -9982550.048828 -9982550.048828 -9982550.048828 -9982550.048828 -9982550.048828 -9982550.048828 -9982550.048828 -9982550.048828
mid_x = 1, mid_y = 1
cotalpha = -0.355155, cotbeta = -0.545233
pix[0].adc = 23039, pix.x = 133, pix.y = 137, irow = 0, icol = 0
pix[1].adc = 16958, pix.x = 134, pix.y = 138, irow = 1, icol = 1
trk_lp_x = 0.548800, trk_lp_y = -1.092396
0 0 0 0 0 0 0 0 0 0 0 0 0 0 0 0 0 0 0 0 0
0 0 0 0 0 0 0 0 0 0 0 0 0 0 0 0 0 0 0 0 0
0 0 0 0 0 0 0 0 0 0 0 0 0 0 0 0 0 0 0 0 0
0 0 0 0 0 0 0 0 0 0 0 0 0 0 0 0 0 0 0 0 0
0 0 0 0 0 0 0 0 0 0 0 0 0 0 0 0 0 0 0 0 0
0 0 0 0 0 0 0 0 0 23039 0 0 0 0 0 0 0 0 0 0 0
0 0 0 0 0 0 0 0 0 0 16958 0 0 0 0 0 0 0 0 0 0
0 0 0 0 0 0 0 0 0 0 0 0 0 0 0 0 0 0 0 0 0
0 0 0 0 0 0 0 0 0 0 0 0 0 0 0 0 0 0 0 0 0
0 0 0 0 0 0 0 0 0 0 0 0 0 0 0 0 0 0 0 0 0
0 0 0 0 0 0 0 0 0 0 0 0 0 0 0 0 0 0 0 0 0
0 0 0 0 0 0 0 0 0 0 0 0 0 0 0 0 0 0 0 0 0
0 0 0 0 0 0 0 0 0 0 0 0 0 0 0 0 0 0 0 0 0
Generic position: 33.524036
 1dcnn position: 0.312328
 simhit_x = 43.848157 -9995449.829102 -9995449.829102 -9995449.829102 -9995449.829102 -9995449.829102 -9995449.829102 -9995449.829102 -9995449.829102 -9995449.829102
mid_x = 1, mid_y = 0
cotalpha = -0.355093, cotbeta = -0.545226
pix[0].adc = 10973, pix.x = 143, pix.y = 262, irow = 0, icol = 0
pix[1].adc = 2264, pix.x = 144, pix.y = 262, irow = 1, icol = 0
pix[2].adc = 23147, pix.x = 144, pix.y = 263, irow = 1, icol = 1
trk_lp_x = 0.649827, trk_lp_y = 0.872290
0 0 0 0 0 0 0 0 0 0 0 0 0 0 0 0 0 0 0 0 0
0 0 0 0 0 0 0 0 0 0 0 0 0 0 0 0 0 0 0 0 0
0 0 0 0 0 0 0 0 0 0 0 0 0 0 0 0 0 0 0 0 0
0 0 0 0 0 0 0 0 0 0 0 0 0 0 0 0 0 0 0 0 0
0 0 0 0 0 0 0 0 0 0 0 0 0 0 0 0 0 0 0 0 0
0 0 0 0 0 0 0 0 0 0 10973 0 0 0 0 0 0 0 0 0 0
0 0 0 0 0 0 0 0 0 0 2264 23147 0 0 0 0 0 0 0 0 0
0 0 0 0 0 0 0 0 0 0 0 0 0 0 0 0 0 0 0 0 0
0 0 0 0 0 0 0 0 0 0 0 0 0 0 0 0 0 0 0 0 0
0 0 0 0 0 0 0 0 0 0 0 0 0 0 0 0 0 0 0 0 0
0 0 0 0 0 0 0 0 0 0 0 0 0 0 0 0 0 0 0 0 0
0 0 0 0 0 0 0 0 0 0 0 0 0 0 0 0 0 0 0 0 0
0 0 0 0 0 0 0 0 0 0 0 0 0 0 0 0 0 0 0 0 0
Generic position: 50.671101
 1dcnn position: 6.074905
 simhit_x = 51.669478 -9996450.195312 -9996450.195312 -9996450.195312 -9996450.195312 -9996450.195312 -9996450.195312 -9996450.195312 -9996450.195312 -9996450.195312
mid_x = 1, mid_y = 0
cotalpha = -0.363053, cotbeta = -0.290077
pix[0].adc = 12423, pix.x = 153, pix.y = 49, irow = 0, icol = 0
pix[1].adc = 3002, pix.x = 154, pix.y = 49, irow = 1, icol = 0
pix[2].adc = 7273, pix.x = 154, pix.y = 50, irow = 1, icol = 1
trk_lp_x = 0.749461, trk_lp_y = -2.475105
0 0 0 0 0 0 0 0 0 0 0 0 0 0 0 0 0 0 0 0 0
0 0 0 0 0 0 0 0 0 0 0 0 0 0 0 0 0 0 0 0 0
0 0 0 0 0 0 0 0 0 0 0 0 0 0 0 0 0 0 0 0 0
0 0 0 0 0 0 0 0 0 0 0 0 0 0 0 0 0 0 0 0 0
0 0 0 0 0 0 0 0 0 0 0 0 0 0 0 0 0 0 0 0 0
0 0 0 0 0 0 0 0 0 0 12423 0 0 0 0 0 0 0 0 0 0
0 0 0 0 0 0 0 0 0 0 3002 7273 0 0 0 0 0 0 0 0 0
0 0 0 0 0 0 0 0 0 0 0 0 0 0 0 0 0 0 0 0 0
0 0 0 0 0 0 0 0 0 0 0 0 0 0 0 0 0 0 0 0 0
0 0 0 0 0 0 0 0 0 0 0 0 0 0 0 0 0 0 0 0 0
0 0 0 0 0 0 0 0 0 0 0 0 0 0 0 0 0 0 0 0 0
0 0 0 0 0 0 0 0 0 0 0 0 0 0 0 0 0 0 0 0 0
0 0 0 0 0 0 0 0 0 0 0 0 0 0 0 0 0 0 0 0 0
Generic position: 40.480494
 1dcnn position: -1.375079
 simhit_x = 45.258403 -9997449.951172 -9997449.951172 -9997449.951172 -9997449.951172 -9997449.951172 -9997449.951172 -9997449.951172 -9997449.951172 -9997449.951172
Begin processing the 18th record. Run 1, Event 18, LumiSection 1 on stream 0 at 21-Jul-2021 23:46:21.399 CDT
mid_x = 0, mid_y = 2
cotalpha = 0.038649, cotbeta = 2.400939
pix[0].adc = 7478, pix.x = 53, pix.y = 128, irow = 0, icol = 0
pix[1].adc = 13893, pix.x = 53, pix.y = 129, irow = 0, icol = 1
pix[2].adc = 14083, pix.x = 53, pix.y = 130, irow = 0, icol = 2
pix[3].adc = 15485, pix.x = 53, pix.y = 131, irow = 0, icol = 3
pix[4].adc = 8898, pix.x = 53, pix.y = 132, irow = 0, icol = 4
pix[5].adc = 4202, pix.x = 54, pix.y = 132, irow = 1, icol = 4
trk_lp_x = -0.278040, trk_lp_y = -1.204757
0 0 0 0 0 0 0 0 0 0 0 0 0 0 0 0 0 0 0 0 0
0 0 0 0 0 0 0 0 0 0 0 0 0 0 0 0 0 0 0 0 0
0 0 0 0 0 0 0 0 0 0 0 0 0 0 0 0 0 0 0 0 0
0 0 0 0 0 0 0 0 0 0 0 0 0 0 0 0 0 0 0 0 0
0 0 0 0 0 0 0 0 0 0 0 0 0 0 0 0 0 0 0 0 0
0 0 0 0 0 0 0 0 0 0 0 0 0 0 0 0 0 0 0 0 0
0 0 0 0 0 0 0 0 7478 13893 14083 15485 8898 0 0 0 0 0 0 0 0
0 0 0 0 0 0 0 0 0 0 0 0 4202 0 0 0 0 0 0 0 0
0 0 0 0 0 0 0 0 0 0 0 0 0 0 0 0 0 0 0 0 0
0 0 0 0 0 0 0 0 0 0 0 0 0 0 0 0 0 0 0 0 0
0 0 0 0 0 0 0 0 0 0 0 0 0 0 0 0 0 0 0 0 0
0 0 0 0 0 0 0 0 0 0 0 0 0 0 0 0 0 0 0 0 0
0 0 0 0 0 0 0 0 0 0 0 0 0 0 0 0 0 0 0 0 0
Generic position: -33.718646
 1dcnn position: -44.599473
 simhit_x = -34.601092 -9987249.755859 -9987249.755859 -9987249.755859 -9987249.755859 -9987249.755859 -9987249.755859 -9987249.755859 -9987249.755859 -9987249.755859
mid_x = 0, mid_y = 3
cotalpha = 0.019621, cotbeta = 2.399606
pix[0].adc = 4725, pix.x = 57, pix.y = 353, irow = 0, icol = 0
pix[1].adc = 15848, pix.x = 57, pix.y = 354, irow = 0, icol = 1
pix[2].adc = 26708, pix.x = 57, pix.y = 355, irow = 0, icol = 2
pix[3].adc = 14527, pix.x = 57, pix.y = 356, irow = 0, icol = 3
pix[4].adc = 7265, pix.x = 57, pix.y = 357, irow = 0, icol = 4
pix[5].adc = 7012, pix.x = 58, pix.y = 357, irow = 1, icol = 4
pix[6].adc = 3933, pix.x = 58, pix.y = 358, irow = 1, icol = 5
trk_lp_x = -0.238070, trk_lp_y = 2.294509
0 0 0 0 0 0 0 0 0 0 0 0 0 0 0 0 0 0 0 0 0
0 0 0 0 0 0 0 0 0 0 0 0 0 0 0 0 0 0 0 0 0
0 0 0 0 0 0 0 0 0 0 0 0 0 0 0 0 0 0 0 0 0
0 0 0 0 0 0 0 0 0 0 0 0 0 0 0 0 0 0 0 0 0
0 0 0 0 0 0 0 0 0 0 0 0 0 0 0 0 0 0 0 0 0
0 0 0 0 0 0 0 0 0 0 0 0 0 0 0 0 0 0 0 0 0
0 0 0 0 0 0 0 4725 15848 26708 14527 7265 0 0 0 0 0 0 0 0 0
0 0 0 0 0 0 0 0 0 0 0 7012 3933 0 0 0 0 0 0 0 0
0 0 0 0 0 0 0 0 0 0 0 0 0 0 0 0 0 0 0 0 0
0 0 0 0 0 0 0 0 0 0 0 0 0 0 0 0 0 0 0 0 0
0 0 0 0 0 0 0 0 0 0 0 0 0 0 0 0 0 0 0 0 0
0 0 0 0 0 0 0 0 0 0 0 0 0 0 0 0 0 0 0 0 0
0 0 0 0 0 0 0 0 0 0 0 0 0 0 0 0 0 0 0 0 0
Generic position: -31.733662
 1dcnn position: -38.515925
 simhit_x = -33.390373 -9987650.146484 -9987650.146484 -9987650.146484 -9987650.146484 -9987650.146484 -9987650.146484 -9987650.146484 -9987650.146484 -9987650.146484
mid_x = 1, mid_y = 0
cotalpha = 0.392940, cotbeta = 0.405960
pix[0].adc = 2783, pix.x = 108, pix.y = 333, irow = 0, icol = 0
pix[1].adc = 23179, pix.x = 109, pix.y = 333, irow = 1, icol = 0
trk_lp_x = 0.304862, trk_lp_y = 1.955682
0 0 0 0 0 0 0 0 0 0 0 0 0 0 0 0 0 0 0 0 0
0 0 0 0 0 0 0 0 0 0 0 0 0 0 0 0 0 0 0 0 0
0 0 0 0 0 0 0 0 0 0 0 0 0 0 0 0 0 0 0 0 0
0 0 0 0 0 0 0 0 0 0 0 0 0 0 0 0 0 0 0 0 0
0 0 0 0 0 0 0 0 0 0 0 0 0 0 0 0 0 0 0 0 0
0 0 0 0 0 0 0 0 0 0 2783 0 0 0 0 0 0 0 0 0 0
0 0 0 0 0 0 0 0 0 0 23179 0 0 0 0 0 0 0 0 0 0
0 0 0 0 0 0 0 0 0 0 0 0 0 0 0 0 0 0 0 0 0
0 0 0 0 0 0 0 0 0 0 0 0 0 0 0 0 0 0 0 0 0
0 0 0 0 0 0 0 0 0 0 0 0 0 0 0 0 0 0 0 0 0
0 0 0 0 0 0 0 0 0 0 0 0 0 0 0 0 0 0 0 0 0
0 0 0 0 0 0 0 0 0 0 0 0 0 0 0 0 0 0 0 0 0
0 0 0 0 0 0 0 0 0 0 0 0 0 0 0 0 0 0 0 0 0
Generic position: 90.002716
 1dcnn position: 34.100711
 simhit_x = 100.533366 -9992949.829102 -9992949.829102 -9992949.829102 -9992949.829102 -9992949.829102 -9992949.829102 -9992949.829102 -9992949.829102 -9992949.829102
mid_x = 0, mid_y = 2
cotalpha = 0.039177, cotbeta = -2.400685
pix[0].adc = 9359, pix.x = 73, pix.y = 273, irow = 1, icol = 0
pix[1].adc = 13232, pix.x = 73, pix.y = 274, irow = 1, icol = 1
pix[2].adc = 13397, pix.x = 72, pix.y = 275, irow = 0, icol = 2
pix[3].adc = 12468, pix.x = 72, pix.y = 276, irow = 0, icol = 3
pix[4].adc = 21547, pix.x = 72, pix.y = 277, irow = 0, icol = 4
trk_lp_x = -0.084968, trk_lp_y = 1.057298
0 0 0 0 0 0 0 0 0 0 0 0 0 0 0 0 0 0 0 0 0
0 0 0 0 0 0 0 0 0 0 0 0 0 0 0 0 0 0 0 0 0
0 0 0 0 0 0 0 0 0 0 0 0 0 0 0 0 0 0 0 0 0
0 0 0 0 0 0 0 0 0 0 0 0 0 0 0 0 0 0 0 0 0
0 0 0 0 0 0 0 0 0 0 0 0 0 0 0 0 0 0 0 0 0
0 0 0 0 0 0 0 0 0 0 0 0 0 0 0 0 0 0 0 0 0
0 0 0 0 0 0 0 0 0 0 13397 12468 21547 0 0 0 0 0 0 0 0
0 0 0 0 0 0 0 0 9359 13232 0 0 0 0 0 0 0 0 0 0 0
0 0 0 0 0 0 0 0 0 0 0 0 0 0 0 0 0 0 0 0 0
0 0 0 0 0 0 0 0 0 0 0 0 0 0 0 0 0 0 0 0 0
0 0 0 0 0 0 0 0 0 0 0 0 0 0 0 0 0 0 0 0 0
0 0 0 0 0 0 0 0 0 0 0 0 0 0 0 0 0 0 0 0 0
0 0 0 0 0 0 0 0 0 0 0 0 0 0 0 0 0 0 0 0 0
Generic position: 3.534108
 1dcnn position: -20.928234
 simhit_x = 1.022294 -9989149.780273 -9989149.780273 -9989149.780273 -9989149.780273 -9989149.780273 -9989149.780273 -9989149.780273 -9989149.780273 -9989149.780273
Begin processing the 19th record. Run 1, Event 19, LumiSection 1 on stream 0 at 21-Jul-2021 23:46:21.449 CDT
mid_x = 1, mid_y = 2
cotalpha = -0.095313, cotbeta = 3.369075
pix[0].adc = 2869, pix.x = 100, pix.y = 195, irow = 0, icol = 0
pix[1].adc = 9841, pix.x = 100, pix.y = 196, irow = 0, icol = 1
pix[2].adc = 3426, pix.x = 100, pix.y = 197, irow = 0, icol = 2
pix[3].adc = 9029, pix.x = 101, pix.y = 197, irow = 1, icol = 2
pix[4].adc = 16595, pix.x = 101, pix.y = 198, irow = 1, icol = 3
pix[5].adc = 11619, pix.x = 101, pix.y = 199, irow = 1, icol = 4
trk_lp_x = 0.217033, trk_lp_y = -0.164771
0 0 0 0 0 0 0 0 0 0 0 0 0 0 0 0 0 0 0 0 0
0 0 0 0 0 0 0 0 0 0 0 0 0 0 0 0 0 0 0 0 0
0 0 0 0 0 0 0 0 0 0 0 0 0 0 0 0 0 0 0 0 0
0 0 0 0 0 0 0 0 0 0 0 0 0 0 0 0 0 0 0 0 0
0 0 0 0 0 0 0 0 0 0 0 0 0 0 0 0 0 0 0 0 0
0 0 0 0 0 0 0 0 2869 9841 3426 0 0 0 0 0 0 0 0 0 0
0 0 0 0 0 0 0 0 0 0 9029 16595 11619 0 0 0 0 0 0 0 0
0 0 0 0 0 0 0 0 0 0 0 0 0 0 0 0 0 0 0 0 0
0 0 0 0 0 0 0 0 0 0 0 0 0 0 0 0 0 0 0 0 0
0 0 0 0 0 0 0 0 0 0 0 0 0 0 0 0 0 0 0 0 0
0 0 0 0 0 0 0 0 0 0 0 0 0 0 0 0 0 0 0 0 0
0 0 0 0 0 0 0 0 0 0 0 0 0 0 0 0 0 0 0 0 0
0 0 0 0 0 0 0 0 0 0 0 0 0 0 0 0 0 0 0 0 0
Generic position: 22.395700
 1dcnn position: 14.465451
 simhit_x = 24.873614 -9992150.268555 -9992150.268555 -9992150.268555 -9992150.268555 -9992150.268555 -9992150.268555 -9992150.268555 -9992150.268555 -9992150.268555
mid_x = 0, mid_y = 1
cotalpha = 0.380845, cotbeta = 0.280685
pix[0].adc = 5027, pix.x = 75, pix.y = 101, irow = 0, icol = 0
pix[1].adc = 2031, pix.x = 75, pix.y = 102, irow = 0, icol = 1
pix[2].adc = 23325, pix.x = 76, pix.y = 102, irow = 1, icol = 1
trk_lp_x = -0.047728, trk_lp_y = -1.661991
0 0 0 0 0 0 0 0 0 0 0 0 0 0 0 0 0 0 0 0 0
0 0 0 0 0 0 0 0 0 0 0 0 0 0 0 0 0 0 0 0 0
0 0 0 0 0 0 0 0 0 0 0 0 0 0 0 0 0 0 0 0 0
0 0 0 0 0 0 0 0 0 0 0 0 0 0 0 0 0 0 0 0 0
0 0 0 0 0 0 0 0 0 0 0 0 0 0 0 0 0 0 0 0 0
0 0 0 0 0 0 0 0 0 0 0 0 0 0 0 0 0 0 0 0 0
0 0 0 0 0 0 0 0 0 5027 2031 0 0 0 0 0 0 0 0 0 0
0 0 0 0 0 0 0 0 0 0 23325 0 0 0 0 0 0 0 0 0 0
0 0 0 0 0 0 0 0 0 0 0 0 0 0 0 0 0 0 0 0 0
0 0 0 0 0 0 0 0 0 0 0 0 0 0 0 0 0 0 0 0 0
0 0 0 0 0 0 0 0 0 0 0 0 0 0 0 0 0 0 0 0 0
0 0 0 0 0 0 0 0 0 0 0 0 0 0 0 0 0 0 0 0 0
0 0 0 0 0 0 0 0 0 0 0 0 0 0 0 0 0 0 0 0 0
Generic position: 76.721385
 1dcnn position: 12.653992
 simhit_x = 72.972253 -9989450.073242 -9989450.073242 -9989450.073242 -9989450.073242 -9989450.073242 -9989450.073242 -9989450.073242 -9989450.073242 -9989450.073242
mid_x = 1, mid_y = 0
cotalpha = 0.380753, cotbeta = 0.280680
pix[0].adc = 4931, pix.x = 86, pix.y = 244, irow = 0, icol = 0
pix[1].adc = 23295, pix.x = 87, pix.y = 244, irow = 1, icol = 0
trk_lp_x = 0.082657, trk_lp_y = 0.562029
0 0 0 0 0 0 0 0 0 0 0 0 0 0 0 0 0 0 0 0 0
0 0 0 0 0 0 0 0 0 0 0 0 0 0 0 0 0 0 0 0 0
0 0 0 0 0 0 0 0 0 0 0 0 0 0 0 0 0 0 0 0 0
0 0 0 0 0 0 0 0 0 0 0 0 0 0 0 0 0 0 0 0 0
0 0 0 0 0 0 0 0 0 0 0 0 0 0 0 0 0 0 0 0 0
0 0 0 0 0 0 0 0 0 0 4931 0 0 0 0 0 0 0 0 0 0
0 0 0 0 0 0 0 0 0 0 23295 0 0 0 0 0 0 0 0 0 0
0 0 0 0 0 0 0 0 0 0 0 0 0 0 0 0 0 0 0 0 0
0 0 0 0 0 0 0 0 0 0 0 0 0 0 0 0 0 0 0 0 0
0 0 0 0 0 0 0 0 0 0 0 0 0 0 0 0 0 0 0 0 0
0 0 0 0 0 0 0 0 0 0 0 0 0 0 0 0 0 0 0 0 0
0 0 0 0 0 0 0 0 0 0 0 0 0 0 0 0 0 0 0 0 0
0 0 0 0 0 0 0 0 0 0 0 0 0 0 0 0 0 0 0 0 0
Generic position: 82.960427
 1dcnn position: 13.543814
 simhit_x = 77.411681 -9990750.122070 -9990750.122070 -9990750.122070 -9990750.122070 -9990750.122070 -9990750.122070 -9990750.122070 -9990750.122070 -9990750.122070
mid_x = 0, mid_y = 1
cotalpha = -0.362318, cotbeta = -0.623918
pix[0].adc = 18963, pix.x = 143, pix.y = 219, irow = 0, icol = 0
pix[1].adc = 9698, pix.x = 143, pix.y = 220, irow = 0, icol = 1
pix[2].adc = 2121, pix.x = 144, pix.y = 220, irow = 1, icol = 1
trk_lp_x = 0.645787, trk_lp_y = 0.195225
0 0 0 0 0 0 0 0 0 0 0 0 0 0 0 0 0 0 0 0 0
0 0 0 0 0 0 0 0 0 0 0 0 0 0 0 0 0 0 0 0 0
0 0 0 0 0 0 0 0 0 0 0 0 0 0 0 0 0 0 0 0 0
0 0 0 0 0 0 0 0 0 0 0 0 0 0 0 0 0 0 0 0 0
0 0 0 0 0 0 0 0 0 0 0 0 0 0 0 0 0 0 0 0 0
0 0 0 0 0 0 0 0 0 0 0 0 0 0 0 0 0 0 0 0 0
0 0 0 0 0 0 0 0 0 18963 9698 0 0 0 0 0 0 0 0 0 0
0 0 0 0 0 0 0 0 0 0 2121 0 0 0 0 0 0 0 0 0 0
0 0 0 0 0 0 0 0 0 0 0 0 0 0 0 0 0 0 0 0 0
0 0 0 0 0 0 0 0 0 0 0 0 0 0 0 0 0 0 0 0 0
0 0 0 0 0 0 0 0 0 0 0 0 0 0 0 0 0 0 0 0 0
0 0 0 0 0 0 0 0 0 0 0 0 0 0 0 0 0 0 0 0 0
0 0 0 0 0 0 0 0 0 0 0 0 0 0 0 0 0 0 0 0 0
Generic position: 2.937317
 1dcnn position: -13.492107
 simhit_x = 7.396340 -9996450.195312 -9996450.195312 -9996450.195312 -9996450.195312 -9996450.195312 -9996450.195312 -9996450.195312 -9996450.195312 -9996450.195312
mid_x = 0, mid_y = 1
cotalpha = -0.362417, cotbeta = -0.623936
pix[0].adc = 11051, pix.x = 158, pix.y = 380, irow = 0, icol = 0
pix[1].adc = 12797, pix.x = 158, pix.y = 381, irow = 0, icol = 1
pix[2].adc = 7408, pix.x = 159, pix.y = 381, irow = 1, icol = 1
trk_lp_x = 0.796806, trk_lp_y = 2.702427
0 0 0 0 0 0 0 0 0 0 0 0 0 0 0 0 0 0 0 0 0
0 0 0 0 0 0 0 0 0 0 0 0 0 0 0 0 0 0 0 0 0
0 0 0 0 0 0 0 0 0 0 0 0 0 0 0 0 0 0 0 0 0
0 0 0 0 0 0 0 0 0 0 0 0 0 0 0 0 0 0 0 0 0
0 0 0 0 0 0 0 0 0 0 0 0 0 0 0 0 0 0 0 0 0
0 0 0 0 0 0 0 0 0 0 0 0 0 0 0 0 0 0 0 0 0
0 0 0 0 0 0 0 0 0 11051 12797 0 0 0 0 0 0 0 0 0 0
0 0 0 0 0 0 0 0 0 0 7408 0 0 0 0 0 0 0 0 0 0
0 0 0 0 0 0 0 0 0 0 0 0 0 0 0 0 0 0 0 0 0
0 0 0 0 0 0 0 0 0 0 0 0 0 0 0 0 0 0 0 0 0
0 0 0 0 0 0 0 0 0 0 0 0 0 0 0 0 0 0 0 0 0
0 0 0 0 0 0 0 0 0 0 0 0 0 0 0 0 0 0 0 0 0
0 0 0 0 0 0 0 0 0 0 0 0 0 0 0 0 0 0 0 0 0
Generic position: 16.279221
 1dcnn position: -9.742975
 simhit_x = 18.069148 -9997949.829102 -9997949.829102 -9997949.829102 -9997949.829102 -9997949.829102 -9997949.829102 -9997949.829102 -9997949.829102 -9997949.829102
Begin processing the 20th record. Run 1, Event 20, LumiSection 1 on stream 0 at 21-Jul-2021 23:46:21.502 CDT
mid_x = 1, mid_y = 0
cotalpha = -0.006085, cotbeta = 0.832690
pix[0].adc = 9500, pix.x = 84, pix.y = 128, irow = 0, icol = 0
pix[1].adc = 3441, pix.x = 85, pix.y = 128, irow = 1, icol = 0
pix[2].adc = 16558, pix.x = 85, pix.y = 129, irow = 1, icol = 1
trk_lp_x = 0.055773, trk_lp_y = -1.228983
0 0 0 0 0 0 0 0 0 0 0 0 0 0 0 0 0 0 0 0 0
0 0 0 0 0 0 0 0 0 0 0 0 0 0 0 0 0 0 0 0 0
0 0 0 0 0 0 0 0 0 0 0 0 0 0 0 0 0 0 0 0 0
0 0 0 0 0 0 0 0 0 0 0 0 0 0 0 0 0 0 0 0 0
0 0 0 0 0 0 0 0 0 0 0 0 0 0 0 0 0 0 0 0 0
0 0 0 0 0 0 0 0 0 0 9500 0 0 0 0 0 0 0 0 0 0
0 0 0 0 0 0 0 0 0 0 3441 16558 0 0 0 0 0 0 0 0 0
0 0 0 0 0 0 0 0 0 0 0 0 0 0 0 0 0 0 0 0 0
0 0 0 0 0 0 0 0 0 0 0 0 0 0 0 0 0 0 0 0 0
0 0 0 0 0 0 0 0 0 0 0 0 0 0 0 0 0 0 0 0 0
0 0 0 0 0 0 0 0 0 0 0 0 0 0 0 0 0 0 0 0 0
0 0 0 0 0 0 0 0 0 0 0 0 0 0 0 0 0 0 0 0 0
0 0 0 0 0 0 0 0 0 0 0 0 0 0 0 0 0 0 0 0 0
Generic position: 13.485067
 1dcnn position: 17.710775
 simhit_x = 10.526851 -9990549.926758 -9990549.926758 -9990549.926758 -9990549.926758 -9990549.926758 -9990549.926758 -9990549.926758 -9990549.926758 -9990549.926758