mid_x = 0, mid_y = 1
cotalpha = -0.116516, cotbeta = -1.229374
pix[0].adc = 19263, pix.x = 41, pix.y = 8, irow = 0, icol = 0
pix[1].adc = 11801, pix.x = 41, pix.y = 9, irow = 0, icol = 1
pix[2].adc = 4256, pix.x = 41, pix.y = 10, irow = 0, icol = 2
trk_lp_x = -0.396244, trk_lp_y = -3.087556
0 0 0 0 0 0 0 0 0 0 0 0 0 0 0 0 0 0 0 0 0
0 0 0 0 0 0 0 0 0 0 0 0 0 0 0 0 0 0 0 0 0
0 0 0 0 0 0 0 0 0 0 0 0 0 0 0 0 0 0 0 0 0
0 0 0 0 0 0 0 0 0 0 0 0 0 0 0 0 0 0 0 0 0
0 0 0 0 0 0 0 0 0 0 0 0 0 0 0 0 0 0 0 0 0
0 0 0 0 0 0 0 0 0 0 0 0 0 0 0 0 0 0 0 0 0
0 0 0 0 0 0 0 0 0 19263 11801 4256 0 0 0 0 0 0 0 0 0
0 0 0 0 0 0 0 0 0 0 0 0 0 0 0 0 0 0 0 0 0
0 0 0 0 0 0 0 0 0 0 0 0 0 0 0 0 0 0 0 0 0
0 0 0 0 0 0 0 0 0 0 0 0 0 0 0 0 0 0 0 0 0
0 0 0 0 0 0 0 0 0 0 0 0 0 0 0 0 0 0 0 0 0
0 0 0 0 0 0 0 0 0 0 0 0 0 0 0 0 0 0 0 0 0
0 0 0 0 0 0 0 0 0 0 0 0 0 0 0 0 0 0 0 0 0
Generic position: -35.301447
 1dcnn position: -52.147508
 simhit_x = -13.789833 -9986049.804688 -9986049.804688 -9986049.804688 -9986049.804688 -9986049.804688 -9986049.804688 -9986049.804688 -9986049.804688 -9986049.804688
mid_x = 0, mid_y = 1
cotalpha = -0.117321, cotbeta = 1.229536
pix[0].adc = 12707, pix.x = 49, pix.y = 60, irow = 0, icol = 0
pix[1].adc = 10680, pix.x = 49, pix.y = 61, irow = 0, icol = 1
pix[2].adc = 4880, pix.x = 49, pix.y = 62, irow = 0, icol = 2
trk_lp_x = -0.317278, trk_lp_y = -2.274933
0 0 0 0 0 0 0 0 0 0 0 0 0 0 0 0 0 0 0 0 0
0 0 0 0 0 0 0 0 0 0 0 0 0 0 0 0 0 0 0 0 0
0 0 0 0 0 0 0 0 0 0 0 0 0 0 0 0 0 0 0 0 0
0 0 0 0 0 0 0 0 0 0 0 0 0 0 0 0 0 0 0 0 0
0 0 0 0 0 0 0 0 0 0 0 0 0 0 0 0 0 0 0 0 0
0 0 0 0 0 0 0 0 0 0 0 0 0 0 0 0 0 0 0 0 0
0 0 0 0 0 0 0 0 0 12707 10680 4880 0 0 0 0 0 0 0 0 0
0 0 0 0 0 0 0 0 0 0 0 0 0 0 0 0 0 0 0 0 0
0 0 0 0 0 0 0 0 0 0 0 0 0 0 0 0 0 0 0 0 0
0 0 0 0 0 0 0 0 0 0 0 0 0 0 0 0 0 0 0 0 0
0 0 0 0 0 0 0 0 0 0 0 0 0 0 0 0 0 0 0 0 0
0 0 0 0 0 0 0 0 0 0 0 0 0 0 0 0 0 0 0 0 0
0 0 0 0 0 0 0 0 0 0 0 0 0 0 0 0 0 0 0 0 0
Generic position: -35.300553
 1dcnn position: -52.050650
 simhit_x = -33.959746 -9986849.975586 -9986849.975586 -9986849.975586 -9986849.975586 -9986849.975586 -9986849.975586 -9986849.975586 -9986849.975586 -9986849.975586
mid_x = 0, mid_y = 1
cotalpha = -0.117304, cotbeta = 1.229533
pix[0].adc = 12867, pix.x = 4, pix.y = 366, irow = 0, icol = 0
pix[1].adc = 18935, pix.x = 4, pix.y = 367, irow = 0, icol = 1
pix[2].adc = 5158, pix.x = 4, pix.y = 368, irow = 0, icol = 2
trk_lp_x = -0.770002, trk_lp_y = 2.494232
0 0 0 0 0 0 0 0 0 0 0 0 0 0 0 0 0 0 0 0 0
0 0 0 0 0 0 0 0 0 0 0 0 0 0 0 0 0 0 0 0 0
0 0 0 0 0 0 0 0 0 0 0 0 0 0 0 0 0 0 0 0 0
0 0 0 0 0 0 0 0 0 0 0 0 0 0 0 0 0 0 0 0 0
0 0 0 0 0 0 0 0 0 0 0 0 0 0 0 0 0 0 0 0 0
0 0 0 0 0 0 0 0 0 0 0 0 0 0 0 0 0 0 0 0 0
0 0 0 0 0 0 0 0 0 12867 18935 5158 0 0 0 0 0 0 0 0 0
0 0 0 0 0 0 0 0 0 0 0 0 0 0 0 0 0 0 0 0 0
0 0 0 0 0 0 0 0 0 0 0 0 0 0 0 0 0 0 0 0 0
0 0 0 0 0 0 0 0 0 0 0 0 0 0 0 0 0 0 0 0 0
0 0 0 0 0 0 0 0 0 0 0 0 0 0 0 0 0 0 0 0 0
0 0 0 0 0 0 0 0 0 0 0 0 0 0 0 0 0 0 0 0 0
0 0 0 0 0 0 0 0 0 0 0 0 0 0 0 0 0 0 0 0 0
Generic position: -42.361617
 1dcnn position: -52.137375
 simhit_x = -60.458183 -9982349.853516 -9982349.853516 -9982349.853516 -9982349.853516 -9982349.853516 -9982349.853516 -9982349.853516 -9982349.853516 -9982349.853516
Begin processing the 2nd record. Run 1, Event 2, LumiSection 1 on stream 0 at 21-Jul-2021 22:54:54.181 CDT
mid_x = 0, mid_y = 2
cotalpha = -0.014154, cotbeta = -1.539899
pix[0].adc = 11894, pix.x = 73, pix.y = 73, irow = 0, icol = 0
pix[1].adc = 14945, pix.x = 73, pix.y = 74, irow = 0, icol = 1
pix[2].adc = 15882, pix.x = 73, pix.y = 75, irow = 0, icol = 2
pix[3].adc = 3948, pix.x = 73, pix.y = 76, irow = 0, icol = 3
trk_lp_x = -0.079457, trk_lp_y = -2.073523
0 0 0 0 0 0 0 0 0 0 0 0 0 0 0 0 0 0 0 0 0
0 0 0 0 0 0 0 0 0 0 0 0 0 0 0 0 0 0 0 0 0
0 0 0 0 0 0 0 0 0 0 0 0 0 0 0 0 0 0 0 0 0
0 0 0 0 0 0 0 0 0 0 0 0 0 0 0 0 0 0 0 0 0
0 0 0 0 0 0 0 0 0 0 0 0 0 0 0 0 0 0 0 0 0
0 0 0 0 0 0 0 0 0 0 0 0 0 0 0 0 0 0 0 0 0
0 0 0 0 0 0 0 0 11894 14945 15882 3948 0 0 0 0 0 0 0 0 0
0 0 0 0 0 0 0 0 0 0 0 0 0 0 0 0 0 0 0 0 0
0 0 0 0 0 0 0 0 0 0 0 0 0 0 0 0 0 0 0 0 0
0 0 0 0 0 0 0 0 0 0 0 0 0 0 0 0 0 0 0 0 0
0 0 0 0 0 0 0 0 0 0 0 0 0 0 0 0 0 0 0 0 0
0 0 0 0 0 0 0 0 0 0 0 0 0 0 0 0 0 0 0 0 0
0 0 0 0 0 0 0 0 0 0 0 0 0 0 0 0 0 0 0 0 0
Generic position: -35.301074
 1dcnn position: -51.548108
 simhit_x = -48.103482 -9989249.877930 -9989249.877930 -9989249.877930 -9989249.877930 -9989249.877930 -9989249.877930 -9989249.877930 -9989249.877930 -9989249.877930
Begin processing the 3rd record. Run 1, Event 3, LumiSection 1 on stream 0 at 21-Jul-2021 22:54:54.224 CDT
Begin processing the 4th record. Run 1, Event 4, LumiSection 1 on stream 0 at 21-Jul-2021 22:54:54.273 CDT
mid_x = 0, mid_y = 1
cotalpha = -0.274899, cotbeta = -0.388897
pix[0].adc = 27447, pix.x = 155, pix.y = 319, irow = 0, icol = 0
pix[1].adc = 8802, pix.x = 155, pix.y = 320, irow = 0, icol = 1
trk_lp_x = 0.762595, trk_lp_y = 1.752252
0 0 0 0 0 0 0 0 0 0 0 0 0 0 0 0 0 0 0 0 0
0 0 0 0 0 0 0 0 0 0 0 0 0 0 0 0 0 0 0 0 0
0 0 0 0 0 0 0 0 0 0 0 0 0 0 0 0 0 0 0 0 0
0 0 0 0 0 0 0 0 0 0 0 0 0 0 0 0 0 0 0 0 0
0 0 0 0 0 0 0 0 0 0 0 0 0 0 0 0 0 0 0 0 0
0 0 0 0 0 0 0 0 0 0 0 0 0 0 0 0 0 0 0 0 0
0 0 0 0 0 0 0 0 0 27447 8802 0 0 0 0 0 0 0 0 0 0
0 0 0 0 0 0 0 0 0 0 0 0 0 0 0 0 0 0 0 0 0
0 0 0 0 0 0 0 0 0 0 0 0 0 0 0 0 0 0 0 0 0
0 0 0 0 0 0 0 0 0 0 0 0 0 0 0 0 0 0 0 0 0
0 0 0 0 0 0 0 0 0 0 0 0 0 0 0 0 0 0 0 0 0
0 0 0 0 0 0 0 0 0 0 0 0 0 0 0 0 0 0 0 0 0
0 0 0 0 0 0 0 0 0 0 0 0 0 0 0 0 0 0 0 0 0
Generic position: -35.300851
 1dcnn position: -52.550435
 simhit_x = -22.636056 -9997650.146484 -9997650.146484 -9997650.146484 -9997650.146484 -9997650.146484 -9997650.146484 -9997650.146484 -9997650.146484 -9997650.146484
mid_x = 0, mid_y = 1
cotalpha = -0.001638, cotbeta = -0.374987
pix[0].adc = 18873, pix.x = 81, pix.y = 79, irow = 0, icol = 0
pix[1].adc = 2993, pix.x = 81, pix.y = 80, irow = 0, icol = 1
trk_lp_x = 0.020801, trk_lp_y = -1.998627
0 0 0 0 0 0 0 0 0 0 0 0 0 0 0 0 0 0 0 0 0
0 0 0 0 0 0 0 0 0 0 0 0 0 0 0 0 0 0 0 0 0
0 0 0 0 0 0 0 0 0 0 0 0 0 0 0 0 0 0 0 0 0
0 0 0 0 0 0 0 0 0 0 0 0 0 0 0 0 0 0 0 0 0
0 0 0 0 0 0 0 0 0 0 0 0 0 0 0 0 0 0 0 0 0
0 0 0 0 0 0 0 0 0 0 0 0 0 0 0 0 0 0 0 0 0
0 0 0 0 0 0 0 0 0 18873 2993 0 0 0 0 0 0 0 0 0 0
0 0 0 0 0 0 0 0 0 0 0 0 0 0 0 0 0 0 0 0 0
0 0 0 0 0 0 0 0 0 0 0 0 0 0 0 0 0 0 0 0 0
0 0 0 0 0 0 0 0 0 0 0 0 0 0 0 0 0 0 0 0 0
0 0 0 0 0 0 0 0 0 0 0 0 0 0 0 0 0 0 0 0 0
0 0 0 0 0 0 0 0 0 0 0 0 0 0 0 0 0 0 0 0 0
0 0 0 0 0 0 0 0 0 0 0 0 0 0 0 0 0 0 0 0 0
Generic position: -48.876386
 1dcnn position: -51.360149
 simhit_x = -39.651282 -9990250.244141 -9990250.244141 -9990250.244141 -9990250.244141 -9990250.244141 -9990250.244141 -9990250.244141 -9990250.244141 -9990250.244141
mid_x = 0, mid_y = 1
cotalpha = -0.041284, cotbeta = -0.375307
pix[0].adc = 18999, pix.x = 144, pix.y = 203, irow = 0, icol = 0
pix[1].adc = 4717, pix.x = 144, pix.y = 204, irow = 0, icol = 1
trk_lp_x = 0.648409, trk_lp_y = -0.078330
0 0 0 0 0 0 0 0 0 0 0 0 0 0 0 0 0 0 0 0 0
0 0 0 0 0 0 0 0 0 0 0 0 0 0 0 0 0 0 0 0 0
0 0 0 0 0 0 0 0 0 0 0 0 0 0 0 0 0 0 0 0 0
0 0 0 0 0 0 0 0 0 0 0 0 0 0 0 0 0 0 0 0 0
0 0 0 0 0 0 0 0 0 0 0 0 0 0 0 0 0 0 0 0 0
0 0 0 0 0 0 0 0 0 0 0 0 0 0 0 0 0 0 0 0 0
0 0 0 0 0 0 0 0 0 18999 4717 0 0 0 0 0 0 0 0 0 0
0 0 0 0 0 0 0 0 0 0 0 0 0 0 0 0 0 0 0 0 0
0 0 0 0 0 0 0 0 0 0 0 0 0 0 0 0 0 0 0 0 0
0 0 0 0 0 0 0 0 0 0 0 0 0 0 0 0 0 0 0 0 0
0 0 0 0 0 0 0 0 0 0 0 0 0 0 0 0 0 0 0 0 0
0 0 0 0 0 0 0 0 0 0 0 0 0 0 0 0 0 0 0 0 0
0 0 0 0 0 0 0 0 0 0 0 0 0 0 0 0 0 0 0 0 0
Generic position: -54.308772
 1dcnn position: -51.709414
 simhit_x = -63.480735 -9996550.292969 -9996550.292969 -9996550.292969 -9996550.292969 -9996550.292969 -9996550.292969 -9996550.292969 -9996550.292969 -9996550.292969
mid_x = 0, mid_y = 1
cotalpha = -0.274146, cotbeta = 0.388822
pix[0].adc = 23435, pix.x = 153, pix.y = 183, irow = 0, icol = 0
pix[1].adc = 6196, pix.x = 153, pix.y = 184, irow = 0, icol = 1
trk_lp_x = 0.742268, trk_lp_y = -0.376744
0 0 0 0 0 0 0 0 0 0 0 0 0 0 0 0 0 0 0 0 0
0 0 0 0 0 0 0 0 0 0 0 0 0 0 0 0 0 0 0 0 0
0 0 0 0 0 0 0 0 0 0 0 0 0 0 0 0 0 0 0 0 0
0 0 0 0 0 0 0 0 0 0 0 0 0 0 0 0 0 0 0 0 0
0 0 0 0 0 0 0 0 0 0 0 0 0 0 0 0 0 0 0 0 0
0 0 0 0 0 0 0 0 0 0 0 0 0 0 0 0 0 0 0 0 0
0 0 0 0 0 0 0 0 0 23435 6196 0 0 0 0 0 0 0 0 0 0
0 0 0 0 0 0 0 0 0 0 0 0 0 0 0 0 0 0 0 0 0
0 0 0 0 0 0 0 0 0 0 0 0 0 0 0 0 0 0 0 0 0
0 0 0 0 0 0 0 0 0 0 0 0 0 0 0 0 0 0 0 0 0
0 0 0 0 0 0 0 0 0 0 0 0 0 0 0 0 0 0 0 0 0
0 0 0 0 0 0 0 0 0 0 0 0 0 0 0 0 0 0 0 0 0
0 0 0 0 0 0 0 0 0 0 0 0 0 0 0 0 0 0 0 0 0
Generic position: -35.300851
 1dcnn position: -52.498579
 simhit_x = -37.093759 -9997449.951172 -9997449.951172 -9997449.951172 -9997449.951172 -9997449.951172 -9997449.951172 -9997449.951172 -9997449.951172 -9997449.951172
Begin processing the 5th record. Run 1, Event 5, LumiSection 1 on stream 0 at 21-Jul-2021 22:54:54.352 CDT
mid_x = 0, mid_y = 1
cotalpha = -0.088268, cotbeta = 1.099299
pix[0].adc = 11015, pix.x = 50, pix.y = 270, irow = 0, icol = 0
pix[1].adc = 26756, pix.x = 50, pix.y = 271, irow = 0, icol = 1
pix[2].adc = 5786, pix.x = 50, pix.y = 272, irow = 0, icol = 2
trk_lp_x = -0.308846, trk_lp_y = 0.996587
0 0 0 0 0 0 0 0 0 0 0 0 0 0 0 0 0 0 0 0 0
0 0 0 0 0 0 0 0 0 0 0 0 0 0 0 0 0 0 0 0 0
0 0 0 0 0 0 0 0 0 0 0 0 0 0 0 0 0 0 0 0 0
0 0 0 0 0 0 0 0 0 0 0 0 0 0 0 0 0 0 0 0 0
0 0 0 0 0 0 0 0 0 0 0 0 0 0 0 0 0 0 0 0 0
0 0 0 0 0 0 0 0 0 0 0 0 0 0 0 0 0 0 0 0 0
0 0 0 0 0 0 0 0 0 11015 26756 5786 0 0 0 0 0 0 0 0 0
0 0 0 0 0 0 0 0 0 0 0 0 0 0 0 0 0 0 0 0 0
0 0 0 0 0 0 0 0 0 0 0 0 0 0 0 0 0 0 0 0 0
0 0 0 0 0 0 0 0 0 0 0 0 0 0 0 0 0 0 0 0 0
0 0 0 0 0 0 0 0 0 0 0 0 0 0 0 0 0 0 0 0 0
0 0 0 0 0 0 0 0 0 0 0 0 0 0 0 0 0 0 0 0 0
0 0 0 0 0 0 0 0 0 0 0 0 0 0 0 0 0 0 0 0 0
Generic position: -35.300851
 1dcnn position: -52.040815
 simhit_x = -39.184093 -9986950.073242 -9986950.073242 -9986950.073242 -9986950.073242 -9986950.073242 -9986950.073242 -9986950.073242 -9986950.073242 -9986950.073242
mid_x = 0, mid_y = 1
cotalpha = -0.088238, cotbeta = 1.099296
pix[0].adc = 9544, pix.x = 16, pix.y = 114, irow = 0, icol = 0
pix[1].adc = 12074, pix.x = 16, pix.y = 115, irow = 0, icol = 1
trk_lp_x = -0.648858, trk_lp_y = -1.439383
0 0 0 0 0 0 0 0 0 0 0 0 0 0 0 0 0 0 0 0 0
0 0 0 0 0 0 0 0 0 0 0 0 0 0 0 0 0 0 0 0 0
0 0 0 0 0 0 0 0 0 0 0 0 0 0 0 0 0 0 0 0 0
0 0 0 0 0 0 0 0 0 0 0 0 0 0 0 0 0 0 0 0 0
0 0 0 0 0 0 0 0 0 0 0 0 0 0 0 0 0 0 0 0 0
0 0 0 0 0 0 0 0 0 0 0 0 0 0 0 0 0 0 0 0 0
0 0 0 0 0 0 0 0 0 9544 12074 0 0 0 0 0 0 0 0 0 0
0 0 0 0 0 0 0 0 0 0 0 0 0 0 0 0 0 0 0 0 0
0 0 0 0 0 0 0 0 0 0 0 0 0 0 0 0 0 0 0 0 0
0 0 0 0 0 0 0 0 0 0 0 0 0 0 0 0 0 0 0 0 0
0 0 0 0 0 0 0 0 0 0 0 0 0 0 0 0 0 0 0 0 0
0 0 0 0 0 0 0 0 0 0 0 0 0 0 0 0 0 0 0 0 0
0 0 0 0 0 0 0 0 0 0 0 0 0 0 0 0 0 0 0 0 0
Generic position: -42.358637
 1dcnn position: -51.977038
 simhit_x = -39.070845 -9983549.804688 -9983549.804688 -9983549.804688 -9983549.804688 -9983549.804688 -9983549.804688 -9983549.804688 -9983549.804688 -9983549.804688
mid_x = 0, mid_y = 1
cotalpha = -0.087576, cotbeta = -1.099082
pix[0].adc = 18728, pix.x = 58, pix.y = 269, irow = 0, icol = 0
pix[1].adc = 15677, pix.x = 58, pix.y = 270, irow = 0, icol = 1
pix[2].adc = 6291, pix.x = 58, pix.y = 271, irow = 0, icol = 2
trk_lp_x = -0.228297, trk_lp_y = 0.977718
0 0 0 0 0 0 0 0 0 0 0 0 0 0 0 0 0 0 0 0 0
0 0 0 0 0 0 0 0 0 0 0 0 0 0 0 0 0 0 0 0 0
0 0 0 0 0 0 0 0 0 0 0 0 0 0 0 0 0 0 0 0 0
0 0 0 0 0 0 0 0 0 0 0 0 0 0 0 0 0 0 0 0 0
0 0 0 0 0 0 0 0 0 0 0 0 0 0 0 0 0 0 0 0 0
0 0 0 0 0 0 0 0 0 0 0 0 0 0 0 0 0 0 0 0 0
0 0 0 0 0 0 0 0 0 18728 15677 6291 0 0 0 0 0 0 0 0 0
0 0 0 0 0 0 0 0 0 0 0 0 0 0 0 0 0 0 0 0 0
0 0 0 0 0 0 0 0 0 0 0 0 0 0 0 0 0 0 0 0 0
0 0 0 0 0 0 0 0 0 0 0 0 0 0 0 0 0 0 0 0 0
0 0 0 0 0 0 0 0 0 0 0 0 0 0 0 0 0 0 0 0 0
0 0 0 0 0 0 0 0 0 0 0 0 0 0 0 0 0 0 0 0 0
0 0 0 0 0 0 0 0 0 0 0 0 0 0 0 0 0 0 0 0 0
Generic position: -35.301298
 1dcnn position: -52.043349
 simhit_x = -33.454895 -9987750.244141 -9987750.244141 -9987750.244141 -9987750.244141 -9987750.244141 -9987750.244141 -9987750.244141 -9987750.244141 -9987750.244141
Begin processing the 6th record. Run 1, Event 6, LumiSection 1 on stream 0 at 21-Jul-2021 22:54:54.400 CDT
mid_x = 0, mid_y = 1
cotalpha = 0.012475, cotbeta = -1.217464
pix[0].adc = 7625, pix.x = 73, pix.y = 326, irow = 0, icol = 0
pix[1].adc = 12071, pix.x = 73, pix.y = 327, irow = 0, icol = 1
pix[2].adc = 13854, pix.x = 73, pix.y = 328, irow = 0, icol = 2
trk_lp_x = -0.078359, trk_lp_y = 1.869018
0 0 0 0 0 0 0 0 0 0 0 0 0 0 0 0 0 0 0 0 0
0 0 0 0 0 0 0 0 0 0 0 0 0 0 0 0 0 0 0 0 0
0 0 0 0 0 0 0 0 0 0 0 0 0 0 0 0 0 0 0 0 0
0 0 0 0 0 0 0 0 0 0 0 0 0 0 0 0 0 0 0 0 0
0 0 0 0 0 0 0 0 0 0 0 0 0 0 0 0 0 0 0 0 0
0 0 0 0 0 0 0 0 0 0 0 0 0 0 0 0 0 0 0 0 0
0 0 0 0 0 0 0 0 0 7625 12071 13854 0 0 0 0 0 0 0 0 0
0 0 0 0 0 0 0 0 0 0 0 0 0 0 0 0 0 0 0 0 0
0 0 0 0 0 0 0 0 0 0 0 0 0 0 0 0 0 0 0 0 0
0 0 0 0 0 0 0 0 0 0 0 0 0 0 0 0 0 0 0 0 0
0 0 0 0 0 0 0 0 0 0 0 0 0 0 0 0 0 0 0 0 0
0 0 0 0 0 0 0 0 0 0 0 0 0 0 0 0 0 0 0 0 0
0 0 0 0 0 0 0 0 0 0 0 0 0 0 0 0 0 0 0 0 0
Generic position: -35.300553
 1dcnn position: -51.384345
 simhit_x = -30.534789 -9989249.877930 -9989249.877930 -9989249.877930 -9989249.877930 -9989249.877930 -9989249.877930 -9989249.877930 -9989249.877930 -9989249.877930
Begin processing the 7th record. Run 1, Event 7, LumiSection 1 on stream 0 at 21-Jul-2021 22:54:54.459 CDT
mid_x = 0, mid_y = 0
cotalpha = 0.173256, cotbeta = 0.233613
pix[0].adc = 14526, pix.x = 35, pix.y = 388, irow = 0, icol = 0
trk_lp_x = -0.458775, trk_lp_y = 2.810108
0 0 0 0 0 0 0 0 0 0 0 0 0 0 0 0 0 0 0 0 0
0 0 0 0 0 0 0 0 0 0 0 0 0 0 0 0 0 0 0 0 0
0 0 0 0 0 0 0 0 0 0 0 0 0 0 0 0 0 0 0 0 0
0 0 0 0 0 0 0 0 0 0 0 0 0 0 0 0 0 0 0 0 0
0 0 0 0 0 0 0 0 0 0 0 0 0 0 0 0 0 0 0 0 0
0 0 0 0 0 0 0 0 0 0 0 0 0 0 0 0 0 0 0 0 0
0 0 0 0 0 0 0 0 0 0 14526 0 0 0 0 0 0 0 0 0 0
0 0 0 0 0 0 0 0 0 0 0 0 0 0 0 0 0 0 0 0 0
0 0 0 0 0 0 0 0 0 0 0 0 0 0 0 0 0 0 0 0 0
0 0 0 0 0 0 0 0 0 0 0 0 0 0 0 0 0 0 0 0 0
0 0 0 0 0 0 0 0 0 0 0 0 0 0 0 0 0 0 0 0 0
0 0 0 0 0 0 0 0 0 0 0 0 0 0 0 0 0 0 0 0 0
0 0 0 0 0 0 0 0 0 0 0 0 0 0 0 0 0 0 0 0 0
Generic position: -35.301447
 1dcnn position: -50.986111
 simhit_x = -45.745075 -9985449.829102 -9985449.829102 -9985449.829102 -9985449.829102 -9985449.829102 -9985449.829102 -9985449.829102 -9985449.829102 -9985449.829102
Begin processing the 8th record. Run 1, Event 8, LumiSection 1 on stream 0 at 21-Jul-2021 22:54:54.511 CDT
mid_x = 0, mid_y = 3
cotalpha = 0.096208, cotbeta = 2.862020
pix[0].adc = 12069, pix.x = 52, pix.y = 253, irow = 0, icol = 0
pix[1].adc = 11990, pix.x = 52, pix.y = 254, irow = 0, icol = 1
pix[2].adc = 8251, pix.x = 52, pix.y = 255, irow = 0, icol = 2
pix[3].adc = 8971, pix.x = 52, pix.y = 256, irow = 0, icol = 3
pix[4].adc = 9177, pix.x = 52, pix.y = 257, irow = 0, icol = 4
pix[5].adc = 4889, pix.x = 52, pix.y = 258, irow = 0, icol = 5
trk_lp_x = -0.289731, trk_lp_y = 0.728353
0 0 0 0 0 0 0 0 0 0 0 0 0 0 0 0 0 0 0 0 0
0 0 0 0 0 0 0 0 0 0 0 0 0 0 0 0 0 0 0 0 0
0 0 0 0 0 0 0 0 0 0 0 0 0 0 0 0 0 0 0 0 0
0 0 0 0 0 0 0 0 0 0 0 0 0 0 0 0 0 0 0 0 0
0 0 0 0 0 0 0 0 0 0 0 0 0 0 0 0 0 0 0 0 0
0 0 0 0 0 0 0 0 0 0 0 0 0 0 0 0 0 0 0 0 0
0 0 0 0 0 0 0 12069 11990 8251 8971 9177 4889 0 0 0 0 0 0 0 0
0 0 0 0 0 0 0 0 0 0 0 0 0 0 0 0 0 0 0 0 0
0 0 0 0 0 0 0 0 0 0 0 0 0 0 0 0 0 0 0 0 0
0 0 0 0 0 0 0 0 0 0 0 0 0 0 0 0 0 0 0 0 0
0 0 0 0 0 0 0 0 0 0 0 0 0 0 0 0 0 0 0 0 0
0 0 0 0 0 0 0 0 0 0 0 0 0 0 0 0 0 0 0 0 0
0 0 0 0 0 0 0 0 0 0 0 0 0 0 0 0 0 0 0 0 0
Generic position: -35.299957
 1dcnn position: -51.584840
 simhit_x = -41.303635 -9987150.268555 -9987150.268555 -9987150.268555 -9987150.268555 -9987150.268555 -9987150.268555 -9987150.268555 -9987150.268555 -9987150.268555
mid_x = 0, mid_y = 1
cotalpha = 0.339299, cotbeta = -0.409329
pix[0].adc = 8412, pix.x = 82, pix.y = 219, irow = 0, icol = 0
pix[1].adc = 16914, pix.x = 82, pix.y = 220, irow = 0, icol = 1
trk_lp_x = 0.034475, trk_lp_y = 0.197816
0 0 0 0 0 0 0 0 0 0 0 0 0 0 0 0 0 0 0 0 0
0 0 0 0 0 0 0 0 0 0 0 0 0 0 0 0 0 0 0 0 0
0 0 0 0 0 0 0 0 0 0 0 0 0 0 0 0 0 0 0 0 0
0 0 0 0 0 0 0 0 0 0 0 0 0 0 0 0 0 0 0 0 0
0 0 0 0 0 0 0 0 0 0 0 0 0 0 0 0 0 0 0 0 0
0 0 0 0 0 0 0 0 0 0 0 0 0 0 0 0 0 0 0 0 0
0 0 0 0 0 0 0 0 0 8412 16914 0 0 0 0 0 0 0 0 0 0
0 0 0 0 0 0 0 0 0 0 0 0 0 0 0 0 0 0 0 0 0
0 0 0 0 0 0 0 0 0 0 0 0 0 0 0 0 0 0 0 0 0
0 0 0 0 0 0 0 0 0 0 0 0 0 0 0 0 0 0 0 0 0
0 0 0 0 0 0 0 0 0 0 0 0 0 0 0 0 0 0 0 0 0
0 0 0 0 0 0 0 0 0 0 0 0 0 0 0 0 0 0 0 0 0
0 0 0 0 0 0 0 0 0 0 0 0 0 0 0 0 0 0 0 0 0
Generic position: 5.013645
 1dcnn position: -54.100882
 simhit_x = -3.869198 -9990349.731445 -9990349.731445 -9990349.731445 -9990349.731445 -9990349.731445 -9990349.731445 -9990349.731445 -9990349.731445 -9990349.731445
Begin processing the 9th record. Run 1, Event 9, LumiSection 1 on stream 0 at 21-Jul-2021 22:54:54.562 CDT
mid_x = 0, mid_y = 1
cotalpha = -0.049085, cotbeta = -0.418099
pix[0].adc = 36486, pix.x = 22, pix.y = 16, irow = 0, icol = 0
pix[1].adc = 3464, pix.x = 22, pix.y = 17, irow = 0, icol = 1
trk_lp_x = -0.589064, trk_lp_y = -2.973117
0 0 0 0 0 0 0 0 0 0 0 0 0 0 0 0 0 0 0 0 0
0 0 0 0 0 0 0 0 0 0 0 0 0 0 0 0 0 0 0 0 0
0 0 0 0 0 0 0 0 0 0 0 0 0 0 0 0 0 0 0 0 0
0 0 0 0 0 0 0 0 0 0 0 0 0 0 0 0 0 0 0 0 0
0 0 0 0 0 0 0 0 0 0 0 0 0 0 0 0 0 0 0 0 0
0 0 0 0 0 0 0 0 0 0 0 0 0 0 0 0 0 0 0 0 0
0 0 0 0 0 0 0 0 0 36486 3464 0 0 0 0 0 0 0 0 0 0
0 0 0 0 0 0 0 0 0 0 0 0 0 0 0 0 0 0 0 0 0
0 0 0 0 0 0 0 0 0 0 0 0 0 0 0 0 0 0 0 0 0
0 0 0 0 0 0 0 0 0 0 0 0 0 0 0 0 0 0 0 0 0
0 0 0 0 0 0 0 0 0 0 0 0 0 0 0 0 0 0 0 0 0
0 0 0 0 0 0 0 0 0 0 0 0 0 0 0 0 0 0 0 0 0
0 0 0 0 0 0 0 0 0 0 0 0 0 0 0 0 0 0 0 0 0
Generic position: -48.879981
 1dcnn position: -51.806569
 simhit_x = -45.125484 -9984149.780273 -9984149.780273 -9984149.780273 -9984149.780273 -9984149.780273 -9984149.780273 -9984149.780273 -9984149.780273 -9984149.780273
mid_x = 0, mid_y = 1
cotalpha = 0.008182, cotbeta = 0.417490
pix[0].adc = 16435, pix.x = 89, pix.y = 68, irow = 0, icol = 0
pix[1].adc = 10414, pix.x = 89, pix.y = 69, irow = 0, icol = 1
trk_lp_x = 0.099977, trk_lp_y = -2.162866
0 0 0 0 0 0 0 0 0 0 0 0 0 0 0 0 0 0 0 0 0
0 0 0 0 0 0 0 0 0 0 0 0 0 0 0 0 0 0 0 0 0
0 0 0 0 0 0 0 0 0 0 0 0 0 0 0 0 0 0 0 0 0
0 0 0 0 0 0 0 0 0 0 0 0 0 0 0 0 0 0 0 0 0
0 0 0 0 0 0 0 0 0 0 0 0 0 0 0 0 0 0 0 0 0
0 0 0 0 0 0 0 0 0 0 0 0 0 0 0 0 0 0 0 0 0
0 0 0 0 0 0 0 0 0 16435 10414 0 0 0 0 0 0 0 0 0 0
0 0 0 0 0 0 0 0 0 0 0 0 0 0 0 0 0 0 0 0 0
0 0 0 0 0 0 0 0 0 0 0 0 0 0 0 0 0 0 0 0 0
0 0 0 0 0 0 0 0 0 0 0 0 0 0 0 0 0 0 0 0 0
0 0 0 0 0 0 0 0 0 0 0 0 0 0 0 0 0 0 0 0 0
0 0 0 0 0 0 0 0 0 0 0 0 0 0 0 0 0 0 0 0 0
0 0 0 0 0 0 0 0 0 0 0 0 0 0 0 0 0 0 0 0 0
Generic position: -42.361468
 1dcnn position: -51.322281
 simhit_x = -51.862597 -9991049.804688 -9991049.804688 -9991049.804688 -9991049.804688 -9991049.804688 -9991049.804688 -9991049.804688 -9991049.804688 -9991049.804688
Begin processing the 10th record. Run 1, Event 10, LumiSection 1 on stream 0 at 21-Jul-2021 22:54:54.621 CDT
mid_x = 0, mid_y = 1
cotalpha = 0.352445, cotbeta = -0.476822
pix[0].adc = 26242, pix.x = 28, pix.y = 82, irow = 0, icol = 0
pix[1].adc = 4025, pix.x = 28, pix.y = 83, irow = 0, icol = 1
trk_lp_x = -0.523539, trk_lp_y = -1.954692
0 0 0 0 0 0 0 0 0 0 0 0 0 0 0 0 0 0 0 0 0
0 0 0 0 0 0 0 0 0 0 0 0 0 0 0 0 0 0 0 0 0
0 0 0 0 0 0 0 0 0 0 0 0 0 0 0 0 0 0 0 0 0
0 0 0 0 0 0 0 0 0 0 0 0 0 0 0 0 0 0 0 0 0
0 0 0 0 0 0 0 0 0 0 0 0 0 0 0 0 0 0 0 0 0
0 0 0 0 0 0 0 0 0 0 0 0 0 0 0 0 0 0 0 0 0
0 0 0 0 0 0 0 0 0 26242 4025 0 0 0 0 0 0 0 0 0 0
0 0 0 0 0 0 0 0 0 0 0 0 0 0 0 0 0 0 0 0 0
0 0 0 0 0 0 0 0 0 0 0 0 0 0 0 0 0 0 0 0 0
0 0 0 0 0 0 0 0 0 0 0 0 0 0 0 0 0 0 0 0 0
0 0 0 0 0 0 0 0 0 0 0 0 0 0 0 0 0 0 0 0 0
0 0 0 0 0 0 0 0 0 0 0 0 0 0 0 0 0 0 0 0 0
0 0 0 0 0 0 0 0 0 0 0 0 0 0 0 0 0 0 0 0 0
Generic position: 12.834072
 1dcnn position: -53.923726
 simhit_x = 13.382435 -9984749.755859 -9984749.755859 -9984749.755859 -9984749.755859 -9984749.755859 -9984749.755859 -9984749.755859 -9984749.755859 -9984749.755859
mid_x = 0, mid_y = 1
cotalpha = 0.374055, cotbeta = 0.397922
pix[0].adc = 27249, pix.x = 10, pix.y = 306, irow = 0, icol = 0
pix[1].adc = 16425, pix.x = 10, pix.y = 307, irow = 0, icol = 1
trk_lp_x = -0.703574, trk_lp_y = 1.526510
0 0 0 0 0 0 0 0 0 0 0 0 0 0 0 0 0 0 0 0 0
0 0 0 0 0 0 0 0 0 0 0 0 0 0 0 0 0 0 0 0 0
0 0 0 0 0 0 0 0 0 0 0 0 0 0 0 0 0 0 0 0 0
0 0 0 0 0 0 0 0 0 0 0 0 0 0 0 0 0 0 0 0 0
0 0 0 0 0 0 0 0 0 0 0 0 0 0 0 0 0 0 0 0 0
0 0 0 0 0 0 0 0 0 0 0 0 0 0 0 0 0 0 0 0 0
0 0 0 0 0 0 0 0 0 27249 16425 0 0 0 0 0 0 0 0 0 0
0 0 0 0 0 0 0 0 0 0 0 0 0 0 0 0 0 0 0 0 0
0 0 0 0 0 0 0 0 0 0 0 0 0 0 0 0 0 0 0 0 0
0 0 0 0 0 0 0 0 0 0 0 0 0 0 0 0 0 0 0 0 0
0 0 0 0 0 0 0 0 0 0 0 0 0 0 0 0 0 0 0 0 0
0 0 0 0 0 0 0 0 0 0 0 0 0 0 0 0 0 0 0 0 0
0 0 0 0 0 0 0 0 0 0 0 0 0 0 0 0 0 0 0 0 0
Generic position: 10.697246
 1dcnn position: -53.859949
 simhit_x = 15.911460 -9982949.829102 -9982949.829102 -9982949.829102 -9982949.829102 -9982949.829102 -9982949.829102 -9982949.829102 -9982949.829102 -9982949.829102
mid_x = 0, mid_y = 5
cotalpha = -0.246974, cotbeta = 5.619416
pix[0].adc = 10214, pix.x = 1, pix.y = 315, irow = 0, icol = 0
pix[1].adc = 13904, pix.x = 1, pix.y = 316, irow = 0, icol = 1
pix[2].adc = 14066, pix.x = 1, pix.y = 317, irow = 0, icol = 2
pix[3].adc = 11213, pix.x = 1, pix.y = 318, irow = 0, icol = 3
pix[4].adc = 18263, pix.x = 1, pix.y = 319, irow = 0, icol = 4
pix[5].adc = 16862, pix.x = 1, pix.y = 320, irow = 0, icol = 5
pix[6].adc = 11526, pix.x = 1, pix.y = 321, irow = 0, icol = 6
pix[7].adc = 14097, pix.x = 1, pix.y = 322, irow = 0, icol = 7
pix[8].adc = 11846, pix.x = 1, pix.y = 323, irow = 0, icol = 8
pix[9].adc = 17959, pix.x = 1, pix.y = 324, irow = 0, icol = 9
pix[10].adc = 5382, pix.x = 1, pix.y = 325, irow = 0, icol = 10
trk_lp_x = -0.798568, trk_lp_y = 1.761342
0 0 0 0 0 0 0 0 0 0 0 0 0 0 0 0 0 0 0 0 0
0 0 0 0 0 0 0 0 0 0 0 0 0 0 0 0 0 0 0 0 0
0 0 0 0 0 0 0 0 0 0 0 0 0 0 0 0 0 0 0 0 0
0 0 0 0 0 0 0 0 0 0 0 0 0 0 0 0 0 0 0 0 0
0 0 0 0 0 0 0 0 0 0 0 0 0 0 0 0 0 0 0 0 0
0 0 0 0 0 0 0 0 0 0 0 0 0 0 0 0 0 0 0 0 0
0 0 0 0 0 10214 13904 14066 11213 18263 16862 11526 14097 11846 17959 5382 0 0 0 0 0
0 0 0 0 0 0 0 0 0 0 0 0 0 0 0 0 0 0 0 0 0
0 0 0 0 0 0 0 0 0 0 0 0 0 0 0 0 0 0 0 0 0
0 0 0 0 0 0 0 0 0 0 0 0 0 0 0 0 0 0 0 0 0
0 0 0 0 0 0 0 0 0 0 0 0 0 0 0 0 0 0 0 0 0
0 0 0 0 0 0 0 0 0 0 0 0 0 0 0 0 0 0 0 0 0
0 0 0 0 0 0 0 0 0 0 0 0 0 0 0 0 0 0 0 0 0
Generic position: -35.294890
 1dcnn position: -53.313971
 simhit_x = -32.765269 -9982050.170898 -9982050.170898 -9982050.170898 -9982050.170898 -9982050.170898 -9982050.170898 -9982050.170898 -9982050.170898 -9982050.170898
Begin processing the 11th record. Run 1, Event 11, LumiSection 1 on stream 0 at 21-Jul-2021 22:54:54.676 CDT
mid_x = 0, mid_y = 1
cotalpha = -0.332714, cotbeta = -0.547482
pix[0].adc = 26368, pix.x = 69, pix.y = 333, irow = 0, icol = 0
pix[1].adc = 10349, pix.x = 69, pix.y = 334, irow = 0, icol = 1
trk_lp_x = -0.116764, trk_lp_y = 1.963674
0 0 0 0 0 0 0 0 0 0 0 0 0 0 0 0 0 0 0 0 0
0 0 0 0 0 0 0 0 0 0 0 0 0 0 0 0 0 0 0 0 0
0 0 0 0 0 0 0 0 0 0 0 0 0 0 0 0 0 0 0 0 0
0 0 0 0 0 0 0 0 0 0 0 0 0 0 0 0 0 0 0 0 0
0 0 0 0 0 0 0 0 0 0 0 0 0 0 0 0 0 0 0 0 0
0 0 0 0 0 0 0 0 0 0 0 0 0 0 0 0 0 0 0 0 0
0 0 0 0 0 0 0 0 0 26368 10349 0 0 0 0 0 0 0 0 0 0
0 0 0 0 0 0 0 0 0 0 0 0 0 0 0 0 0 0 0 0 0
0 0 0 0 0 0 0 0 0 0 0 0 0 0 0 0 0 0 0 0 0
0 0 0 0 0 0 0 0 0 0 0 0 0 0 0 0 0 0 0 0 0
0 0 0 0 0 0 0 0 0 0 0 0 0 0 0 0 0 0 0 0 0
0 0 0 0 0 0 0 0 0 0 0 0 0 0 0 0 0 0 0 0 0
0 0 0 0 0 0 0 0 0 0 0 0 0 0 0 0 0 0 0 0 0
Generic position: -12.829676
 1dcnn position: -52.741244
 simhit_x = -20.216927 -9988850.097656 -9988850.097656 -9988850.097656 -9988850.097656 -9988850.097656 -9988850.097656 -9988850.097656 -9988850.097656 -9988850.097656
mid_x = 0, mid_y = 1
cotalpha = -0.355988, cotbeta = -0.294217
pix[0].adc = 7730, pix.x = 118, pix.y = 119, irow = 0, icol = 0
pix[1].adc = 8796, pix.x = 118, pix.y = 120, irow = 0, icol = 1
trk_lp_x = 0.394183, trk_lp_y = -1.363217
0 0 0 0 0 0 0 0 0 0 0 0 0 0 0 0 0 0 0 0 0
0 0 0 0 0 0 0 0 0 0 0 0 0 0 0 0 0 0 0 0 0
0 0 0 0 0 0 0 0 0 0 0 0 0 0 0 0 0 0 0 0 0
0 0 0 0 0 0 0 0 0 0 0 0 0 0 0 0 0 0 0 0 0
0 0 0 0 0 0 0 0 0 0 0 0 0 0 0 0 0 0 0 0 0
0 0 0 0 0 0 0 0 0 0 0 0 0 0 0 0 0 0 0 0 0
0 0 0 0 0 0 0 0 0 7730 8796 0 0 0 0 0 0 0 0 0 0
0 0 0 0 0 0 0 0 0 0 0 0 0 0 0 0 0 0 0 0 0
0 0 0 0 0 0 0 0 0 0 0 0 0 0 0 0 0 0 0 0 0
0 0 0 0 0 0 0 0 0 0 0 0 0 0 0 0 0 0 0 0 0
0 0 0 0 0 0 0 0 0 0 0 0 0 0 0 0 0 0 0 0 0
0 0 0 0 0 0 0 0 0 0 0 0 0 0 0 0 0 0 0 0 0
0 0 0 0 0 0 0 0 0 0 0 0 0 0 0 0 0 0 0 0 0
Generic position: -5.012453
 1dcnn position: -52.318871
 simhit_x = -9.055734 -9993950.195312 -9993950.195312 -9993950.195312 -9993950.195312 -9993950.195312 -9993950.195312 -9993950.195312 -9993950.195312 -9993950.195312
Begin processing the 12th record. Run 1, Event 12, LumiSection 1 on stream 0 at 21-Jul-2021 22:54:54.730 CDT
Begin processing the 13th record. Run 1, Event 13, LumiSection 1 on stream 0 at 21-Jul-2021 22:54:54.789 CDT
mid_x = 0, mid_y = 1
cotalpha = 0.124687, cotbeta = 0.360967
pix[0].adc = 30518, pix.x = 121, pix.y = 263, irow = 0, icol = 0
pix[1].adc = 4557, pix.x = 121, pix.y = 264, irow = 0, icol = 1
trk_lp_x = 0.421432, trk_lp_y = 0.881363
0 0 0 0 0 0 0 0 0 0 0 0 0 0 0 0 0 0 0 0 0
0 0 0 0 0 0 0 0 0 0 0 0 0 0 0 0 0 0 0 0 0
0 0 0 0 0 0 0 0 0 0 0 0 0 0 0 0 0 0 0 0 0
0 0 0 0 0 0 0 0 0 0 0 0 0 0 0 0 0 0 0 0 0
0 0 0 0 0 0 0 0 0 0 0 0 0 0 0 0 0 0 0 0 0
0 0 0 0 0 0 0 0 0 0 0 0 0 0 0 0 0 0 0 0 0
0 0 0 0 0 0 0 0 0 30518 4557 0 0 0 0 0 0 0 0 0 0
0 0 0 0 0 0 0 0 0 0 0 0 0 0 0 0 0 0 0 0 0
0 0 0 0 0 0 0 0 0 0 0 0 0 0 0 0 0 0 0 0 0
0 0 0 0 0 0 0 0 0 0 0 0 0 0 0 0 0 0 0 0 0
0 0 0 0 0 0 0 0 0 0 0 0 0 0 0 0 0 0 0 0 0
0 0 0 0 0 0 0 0 0 0 0 0 0 0 0 0 0 0 0 0 0
0 0 0 0 0 0 0 0 0 0 0 0 0 0 0 0 0 0 0 0 0
Generic position: -35.301447
 1dcnn position: -51.274896
 simhit_x = -30.727983 -9994249.877930 -9994249.877930 -9994249.877930 -9994249.877930 -9994249.877930 -9994249.877930 -9994249.877930 -9994249.877930 -9994249.877930
mid_x = 0, mid_y = 0
cotalpha = 0.125416, cotbeta = -0.360504
pix[0].adc = 17920, pix.x = 113, pix.y = 122, irow = 0, icol = 0
trk_lp_x = 0.341215, trk_lp_y = -1.326938
0 0 0 0 0 0 0 0 0 0 0 0 0 0 0 0 0 0 0 0 0
0 0 0 0 0 0 0 0 0 0 0 0 0 0 0 0 0 0 0 0 0
0 0 0 0 0 0 0 0 0 0 0 0 0 0 0 0 0 0 0 0 0
0 0 0 0 0 0 0 0 0 0 0 0 0 0 0 0 0 0 0 0 0
0 0 0 0 0 0 0 0 0 0 0 0 0 0 0 0 0 0 0 0 0
0 0 0 0 0 0 0 0 0 0 0 0 0 0 0 0 0 0 0 0 0
0 0 0 0 0 0 0 0 0 0 17920 0 0 0 0 0 0 0 0 0 0
0 0 0 0 0 0 0 0 0 0 0 0 0 0 0 0 0 0 0 0 0
0 0 0 0 0 0 0 0 0 0 0 0 0 0 0 0 0 0 0 0 0
0 0 0 0 0 0 0 0 0 0 0 0 0 0 0 0 0 0 0 0 0
0 0 0 0 0 0 0 0 0 0 0 0 0 0 0 0 0 0 0 0 0
0 0 0 0 0 0 0 0 0 0 0 0 0 0 0 0 0 0 0 0 0
0 0 0 0 0 0 0 0 0 0 0 0 0 0 0 0 0 0 0 0 0
Generic position: -35.301447
 1dcnn position: -50.898194
 simhit_x = -27.983189 -9993449.707031 -9993449.707031 -9993449.707031 -9993449.707031 -9993449.707031 -9993449.707031 -9993449.707031 -9993449.707031 -9993449.707031
mid_x = 0, mid_y = 0
cotalpha = -0.023936, cotbeta = -0.357804
pix[0].adc = 23954, pix.x = 60, pix.y = 34, irow = 0, icol = 0
trk_lp_x = -0.209957, trk_lp_y = -2.708897
0 0 0 0 0 0 0 0 0 0 0 0 0 0 0 0 0 0 0 0 0
0 0 0 0 0 0 0 0 0 0 0 0 0 0 0 0 0 0 0 0 0
0 0 0 0 0 0 0 0 0 0 0 0 0 0 0 0 0 0 0 0 0
0 0 0 0 0 0 0 0 0 0 0 0 0 0 0 0 0 0 0 0 0
0 0 0 0 0 0 0 0 0 0 0 0 0 0 0 0 0 0 0 0 0
0 0 0 0 0 0 0 0 0 0 0 0 0 0 0 0 0 0 0 0 0
0 0 0 0 0 0 0 0 0 0 23954 0 0 0 0 0 0 0 0 0 0
0 0 0 0 0 0 0 0 0 0 0 0 0 0 0 0 0 0 0 0 0
0 0 0 0 0 0 0 0 0 0 0 0 0 0 0 0 0 0 0 0 0
0 0 0 0 0 0 0 0 0 0 0 0 0 0 0 0 0 0 0 0 0
0 0 0 0 0 0 0 0 0 0 0 0 0 0 0 0 0 0 0 0 0
0 0 0 0 0 0 0 0 0 0 0 0 0 0 0 0 0 0 0 0 0
0 0 0 0 0 0 0 0 0 0 0 0 0 0 0 0 0 0 0 0 0
Generic position: -42.361766
 1dcnn position: -51.521510
 simhit_x = -41.534901 -9987949.829102 -9987949.829102 -9987949.829102 -9987949.829102 -9987949.829102 -9987949.829102 -9987949.829102 -9987949.829102 -9987949.829102
mid_x = 0, mid_y = 0
cotalpha = -0.005217, cotbeta = -0.357707
pix[0].adc = 27893, pix.x = 67, pix.y = 253, irow = 0, icol = 0
trk_lp_x = -0.140331, trk_lp_y = 0.697169
0 0 0 0 0 0 0 0 0 0 0 0 0 0 0 0 0 0 0 0 0
0 0 0 0 0 0 0 0 0 0 0 0 0 0 0 0 0 0 0 0 0
0 0 0 0 0 0 0 0 0 0 0 0 0 0 0 0 0 0 0 0 0
0 0 0 0 0 0 0 0 0 0 0 0 0 0 0 0 0 0 0 0 0
0 0 0 0 0 0 0 0 0 0 0 0 0 0 0 0 0 0 0 0 0
0 0 0 0 0 0 0 0 0 0 0 0 0 0 0 0 0 0 0 0 0
0 0 0 0 0 0 0 0 0 0 27893 0 0 0 0 0 0 0 0 0 0
0 0 0 0 0 0 0 0 0 0 0 0 0 0 0 0 0 0 0 0 0
0 0 0 0 0 0 0 0 0 0 0 0 0 0 0 0 0 0 0 0 0
0 0 0 0 0 0 0 0 0 0 0 0 0 0 0 0 0 0 0 0 0
0 0 0 0 0 0 0 0 0 0 0 0 0 0 0 0 0 0 0 0 0
0 0 0 0 0 0 0 0 0 0 0 0 0 0 0 0 0 0 0 0 0
0 0 0 0 0 0 0 0 0 0 0 0 0 0 0 0 0 0 0 0 0
Generic position: -54.310858
 1dcnn position: -51.380545
 simhit_x = -49.391091 -9988649.902344 -9988649.902344 -9988649.902344 -9988649.902344 -9988649.902344 -9988649.902344 -9988649.902344 -9988649.902344 -9988649.902344
Begin processing the 14th record. Run 1, Event 14, LumiSection 1 on stream 0 at 21-Jul-2021 22:54:54.844 CDT
mid_x = 0, mid_y = 2
cotalpha = -0.054060, cotbeta = -1.604036
pix[0].adc = 12151, pix.x = 48, pix.y = 326, irow = 0, icol = 0
pix[1].adc = 12624, pix.x = 48, pix.y = 327, irow = 0, icol = 1
pix[2].adc = 23782, pix.x = 48, pix.y = 328, irow = 0, icol = 2
pix[3].adc = 4720, pix.x = 48, pix.y = 329, irow = 0, icol = 3
trk_lp_x = -0.328779, trk_lp_y = 1.873405
0 0 0 0 0 0 0 0 0 0 0 0 0 0 0 0 0 0 0 0 0
0 0 0 0 0 0 0 0 0 0 0 0 0 0 0 0 0 0 0 0 0
0 0 0 0 0 0 0 0 0 0 0 0 0 0 0 0 0 0 0 0 0
0 0 0 0 0 0 0 0 0 0 0 0 0 0 0 0 0 0 0 0 0
0 0 0 0 0 0 0 0 0 0 0 0 0 0 0 0 0 0 0 0 0
0 0 0 0 0 0 0 0 0 0 0 0 0 0 0 0 0 0 0 0 0
0 0 0 0 0 0 0 0 12151 12624 23782 4720 0 0 0 0 0 0 0 0 0
0 0 0 0 0 0 0 0 0 0 0 0 0 0 0 0 0 0 0 0 0
0 0 0 0 0 0 0 0 0 0 0 0 0 0 0 0 0 0 0 0 0
0 0 0 0 0 0 0 0 0 0 0 0 0 0 0 0 0 0 0 0 0
0 0 0 0 0 0 0 0 0 0 0 0 0 0 0 0 0 0 0 0 0
0 0 0 0 0 0 0 0 0 0 0 0 0 0 0 0 0 0 0 0 0
0 0 0 0 0 0 0 0 0 0 0 0 0 0 0 0 0 0 0 0 0
Generic position: -42.360425
 1dcnn position: -51.971972
 simhit_x = -36.050677 -9986749.877930 -9986749.877930 -9986749.877930 -9986749.877930 -9986749.877930 -9986749.877930 -9986749.877930 -9986749.877930 -9986749.877930
mid_x = 0, mid_y = 2
cotalpha = -0.052528, cotbeta = 1.603921
pix[0].adc = 3235, pix.x = 40, pix.y = 34, irow = 0, icol = 0
pix[1].adc = 15227, pix.x = 40, pix.y = 35, irow = 0, icol = 1
pix[2].adc = 11055, pix.x = 40, pix.y = 36, irow = 0, icol = 2
pix[3].adc = 14909, pix.x = 40, pix.y = 37, irow = 0, icol = 3
trk_lp_x = -0.409297, trk_lp_y = -2.681267
0 0 0 0 0 0 0 0 0 0 0 0 0 0 0 0 0 0 0 0 0
0 0 0 0 0 0 0 0 0 0 0 0 0 0 0 0 0 0 0 0 0
0 0 0 0 0 0 0 0 0 0 0 0 0 0 0 0 0 0 0 0 0
0 0 0 0 0 0 0 0 0 0 0 0 0 0 0 0 0 0 0 0 0
0 0 0 0 0 0 0 0 0 0 0 0 0 0 0 0 0 0 0 0 0
0 0 0 0 0 0 0 0 0 0 0 0 0 0 0 0 0 0 0 0 0
0 0 0 0 0 0 0 0 3235 15227 11055 14909 0 0 0 0 0 0 0 0 0
0 0 0 0 0 0 0 0 0 0 0 0 0 0 0 0 0 0 0 0 0
0 0 0 0 0 0 0 0 0 0 0 0 0 0 0 0 0 0 0 0 0
0 0 0 0 0 0 0 0 0 0 0 0 0 0 0 0 0 0 0 0 0
0 0 0 0 0 0 0 0 0 0 0 0 0 0 0 0 0 0 0 0 0
0 0 0 0 0 0 0 0 0 0 0 0 0 0 0 0 0 0 0 0 0
0 0 0 0 0 0 0 0 0 0 0 0 0 0 0 0 0 0 0 0 0
Generic position: -42.354167
 1dcnn position: -51.826835
 simhit_x = -47.837198 -9985949.707031 -9985949.707031 -9985949.707031 -9985949.707031 -9985949.707031 -9985949.707031 -9985949.707031 -9985949.707031 -9985949.707031
Begin processing the 15th record. Run 1, Event 15, LumiSection 1 on stream 0 at 21-Jul-2021 22:54:54.895 CDT
mid_x = 0, mid_y = 5
cotalpha = -0.203173, cotbeta = -4.815137
pix[0].adc = 9699, pix.x = 15, pix.y = 314, irow = 0, icol = 0
pix[1].adc = 17680, pix.x = 15, pix.y = 315, irow = 0, icol = 1
pix[2].adc = 12364, pix.x = 15, pix.y = 316, irow = 0, icol = 2
pix[3].adc = 10926, pix.x = 15, pix.y = 317, irow = 0, icol = 3
pix[4].adc = 19775, pix.x = 15, pix.y = 318, irow = 0, icol = 4
pix[5].adc = 14346, pix.x = 15, pix.y = 319, irow = 0, icol = 5
pix[6].adc = 11326, pix.x = 15, pix.y = 320, irow = 0, icol = 6
pix[7].adc = 9757, pix.x = 15, pix.y = 321, irow = 0, icol = 7
pix[8].adc = 27288, pix.x = 15, pix.y = 322, irow = 0, icol = 8
pix[9].adc = 7496, pix.x = 15, pix.y = 323, irow = 0, icol = 9
trk_lp_x = -0.662007, trk_lp_y = 1.737922
0 0 0 0 0 0 0 0 0 0 0 0 0 0 0 0 0 0 0 0 0
0 0 0 0 0 0 0 0 0 0 0 0 0 0 0 0 0 0 0 0 0
0 0 0 0 0 0 0 0 0 0 0 0 0 0 0 0 0 0 0 0 0
0 0 0 0 0 0 0 0 0 0 0 0 0 0 0 0 0 0 0 0 0
0 0 0 0 0 0 0 0 0 0 0 0 0 0 0 0 0 0 0 0 0
0 0 0 0 0 0 0 0 0 0 0 0 0 0 0 0 0 0 0 0 0
0 0 0 0 0 9699 17680 12364 10926 19775 14346 11326 9757 27288 7496 0 0 0 0 0 0
0 0 0 0 0 0 0 0 0 0 0 0 0 0 0 0 0 0 0 0 0
0 0 0 0 0 0 0 0 0 0 0 0 0 0 0 0 0 0 0 0 0
0 0 0 0 0 0 0 0 0 0 0 0 0 0 0 0 0 0 0 0 0
0 0 0 0 0 0 0 0 0 0 0 0 0 0 0 0 0 0 0 0 0
0 0 0 0 0 0 0 0 0 0 0 0 0 0 0 0 0 0 0 0 0
0 0 0 0 0 0 0 0 0 0 0 0 0 0 0 0 0 0 0 0 0
Generic position: -35.296679
 1dcnn position: -53.249598
 simhit_x = -78.446269 -9983449.707031 -9983449.707031 -9983449.707031 -9983449.707031 -9983449.707031 -9983449.707031 -9983449.707031 -9983449.707031 -9983449.707031
mid_x = 0, mid_y = 1
cotalpha = 0.316226, cotbeta = -0.505799
pix[0].adc = 7040, pix.x = 132, pix.y = 145, irow = 0, icol = 0
pix[1].adc = 21635, pix.x = 132, pix.y = 146, irow = 0, icol = 1
trk_lp_x = 0.536151, trk_lp_y = -0.969351
0 0 0 0 0 0 0 0 0 0 0 0 0 0 0 0 0 0 0 0 0
0 0 0 0 0 0 0 0 0 0 0 0 0 0 0 0 0 0 0 0 0
0 0 0 0 0 0 0 0 0 0 0 0 0 0 0 0 0 0 0 0 0
0 0 0 0 0 0 0 0 0 0 0 0 0 0 0 0 0 0 0 0 0
0 0 0 0 0 0 0 0 0 0 0 0 0 0 0 0 0 0 0 0 0
0 0 0 0 0 0 0 0 0 0 0 0 0 0 0 0 0 0 0 0 0
0 0 0 0 0 0 0 0 0 7040 21635 0 0 0 0 0 0 0 0 0 0
0 0 0 0 0 0 0 0 0 0 0 0 0 0 0 0 0 0 0 0 0
0 0 0 0 0 0 0 0 0 0 0 0 0 0 0 0 0 0 0 0 0
0 0 0 0 0 0 0 0 0 0 0 0 0 0 0 0 0 0 0 0 0
0 0 0 0 0 0 0 0 0 0 0 0 0 0 0 0 0 0 0 0 0
0 0 0 0 0 0 0 0 0 0 0 0 0 0 0 0 0 0 0 0 0
0 0 0 0 0 0 0 0 0 0 0 0 0 0 0 0 0 0 0 0 0
Generic position: 12.834668
 1dcnn position: -53.191185
 simhit_x = 12.676716 -9995349.731445 -9995349.731445 -9995349.731445 -9995349.731445 -9995349.731445 -9995349.731445 -9995349.731445 -9995349.731445 -9995349.731445
mid_x = 0, mid_y = 1
cotalpha = 0.407416, cotbeta = 0.435713
pix[0].adc = 23883, pix.x = 118, pix.y = 152, irow = 0, icol = 0
pix[1].adc = 4924, pix.x = 118, pix.y = 153, irow = 0, icol = 1
trk_lp_x = 0.396388, trk_lp_y = -0.875038
0 0 0 0 0 0 0 0 0 0 0 0 0 0 0 0 0 0 0 0 0
0 0 0 0 0 0 0 0 0 0 0 0 0 0 0 0 0 0 0 0 0
0 0 0 0 0 0 0 0 0 0 0 0 0 0 0 0 0 0 0 0 0
0 0 0 0 0 0 0 0 0 0 0 0 0 0 0 0 0 0 0 0 0
0 0 0 0 0 0 0 0 0 0 0 0 0 0 0 0 0 0 0 0 0
0 0 0 0 0 0 0 0 0 0 0 0 0 0 0 0 0 0 0 0 0
0 0 0 0 0 0 0 0 0 23883 4924 0 0 0 0 0 0 0 0 0 0
0 0 0 0 0 0 0 0 0 0 0 0 0 0 0 0 0 0 0 0 0
0 0 0 0 0 0 0 0 0 0 0 0 0 0 0 0 0 0 0 0 0
0 0 0 0 0 0 0 0 0 0 0 0 0 0 0 0 0 0 0 0 0
0 0 0 0 0 0 0 0 0 0 0 0 0 0 0 0 0 0 0 0 0
0 0 0 0 0 0 0 0 0 0 0 0 0 0 0 0 0 0 0 0 0
0 0 0 0 0 0 0 0 0 0 0 0 0 0 0 0 0 0 0 0 0
Generic position: 10.705292
 1dcnn position: -55.353642
 simhit_x = 12.968779 -9993950.195312 -9993950.195312 -9993950.195312 -9993950.195312 -9993950.195312 -9993950.195312 -9993950.195312 -9993950.195312 -9993950.195312
mid_x = 0, mid_y = 4
cotalpha = -0.203913, cotbeta = 4.814996
pix[0].adc = 12208, pix.x = 23, pix.y = 54, irow = 0, icol = 0
pix[1].adc = 32465, pix.x = 23, pix.y = 55, irow = 0, icol = 1
pix[2].adc = 13008, pix.x = 23, pix.y = 56, irow = 0, icol = 2
pix[3].adc = 14114, pix.x = 23, pix.y = 57, irow = 0, icol = 3
pix[4].adc = 11025, pix.x = 23, pix.y = 58, irow = 0, icol = 4
pix[5].adc = 8176, pix.x = 23, pix.y = 59, irow = 0, icol = 5
pix[6].adc = 14820, pix.x = 23, pix.y = 60, irow = 0, icol = 6
pix[7].adc = 12824, pix.x = 23, pix.y = 61, irow = 0, icol = 7
pix[8].adc = 7676, pix.x = 23, pix.y = 62, irow = 0, icol = 8
trk_lp_x = -0.578731, trk_lp_y = -2.319904
0 0 0 0 0 0 0 0 0 0 0 0 0 0 0 0 0 0 0 0 0
0 0 0 0 0 0 0 0 0 0 0 0 0 0 0 0 0 0 0 0 0
0 0 0 0 0 0 0 0 0 0 0 0 0 0 0 0 0 0 0 0 0
0 0 0 0 0 0 0 0 0 0 0 0 0 0 0 0 0 0 0 0 0
0 0 0 0 0 0 0 0 0 0 0 0 0 0 0 0 0 0 0 0 0
0 0 0 0 0 0 0 0 0 0 0 0 0 0 0 0 0 0 0 0 0
0 0 0 0 0 0 12208 32465 13008 14114 11025 8176 14820 12824 7676 0 0 0 0 0 0
0 0 0 0 0 0 0 0 0 0 0 0 0 0 0 0 0 0 0 0 0
0 0 0 0 0 0 0 0 0 0 0 0 0 0 0 0 0 0 0 0 0
0 0 0 0 0 0 0 0 0 0 0 0 0 0 0 0 0 0 0 0 0
0 0 0 0 0 0 0 0 0 0 0 0 0 0 0 0 0 0 0 0 0
0 0 0 0 0 0 0 0 0 0 0 0 0 0 0 0 0 0 0 0 0
0 0 0 0 0 0 0 0 0 0 0 0 0 0 0 0 0 0 0 0 0
Generic position: -35.294890
 1dcnn position: -53.159595
 simhit_x = -50.032139 -9984249.877930 -9984249.877930 -9984249.877930 -9984249.877930 -9984249.877930 -9984249.877930 -9984249.877930 -9984249.877930 -9984249.877930
mid_x = 0, mid_y = 1
cotalpha = -0.315769, cotbeta = -0.505726
pix[0].adc = 12257, pix.x = 17, pix.y = 261, irow = 0, icol = 0
pix[1].adc = 30244, pix.x = 17, pix.y = 262, irow = 0, icol = 1
trk_lp_x = -0.637200, trk_lp_y = 0.857972
0 0 0 0 0 0 0 0 0 0 0 0 0 0 0 0 0 0 0 0 0
0 0 0 0 0 0 0 0 0 0 0 0 0 0 0 0 0 0 0 0 0
0 0 0 0 0 0 0 0 0 0 0 0 0 0 0 0 0 0 0 0 0
0 0 0 0 0 0 0 0 0 0 0 0 0 0 0 0 0 0 0 0 0
0 0 0 0 0 0 0 0 0 0 0 0 0 0 0 0 0 0 0 0 0
0 0 0 0 0 0 0 0 0 0 0 0 0 0 0 0 0 0 0 0 0
0 0 0 0 0 0 0 0 0 12257 30244 0 0 0 0 0 0 0 0 0 0
0 0 0 0 0 0 0 0 0 0 0 0 0 0 0 0 0 0 0 0 0
0 0 0 0 0 0 0 0 0 0 0 0 0 0 0 0 0 0 0 0 0
0 0 0 0 0 0 0 0 0 0 0 0 0 0 0 0 0 0 0 0 0
0 0 0 0 0 0 0 0 0 0 0 0 0 0 0 0 0 0 0 0 0
0 0 0 0 0 0 0 0 0 0 0 0 0 0 0 0 0 0 0 0 0
0 0 0 0 0 0 0 0 0 0 0 0 0 0 0 0 0 0 0 0 0
Generic position: -12.829304
 1dcnn position: -52.694678
 simhit_x = -23.295879 -9983649.902344 -9983649.902344 -9983649.902344 -9983649.902344 -9983649.902344 -9983649.902344 -9983649.902344 -9983649.902344 -9983649.902344
mid_x = 0, mid_y = 1
cotalpha = -0.343778, cotbeta = -0.259915
pix[0].adc = 25873, pix.x = 74, pix.y = 44, irow = 0, icol = 0
pix[1].adc = 16837, pix.x = 74, pix.y = 45, irow = 0, icol = 1
trk_lp_x = -0.064415, trk_lp_y = -2.547708
0 0 0 0 0 0 0 0 0 0 0 0 0 0 0 0 0 0 0 0 0
0 0 0 0 0 0 0 0 0 0 0 0 0 0 0 0 0 0 0 0 0
0 0 0 0 0 0 0 0 0 0 0 0 0 0 0 0 0 0 0 0 0
0 0 0 0 0 0 0 0 0 0 0 0 0 0 0 0 0 0 0 0 0
0 0 0 0 0 0 0 0 0 0 0 0 0 0 0 0 0 0 0 0 0
0 0 0 0 0 0 0 0 0 0 0 0 0 0 0 0 0 0 0 0 0
0 0 0 0 0 0 0 0 0 25873 16837 0 0 0 0 0 0 0 0 0 0
0 0 0 0 0 0 0 0 0 0 0 0 0 0 0 0 0 0 0 0 0
0 0 0 0 0 0 0 0 0 0 0 0 0 0 0 0 0 0 0 0 0
0 0 0 0 0 0 0 0 0 0 0 0 0 0 0 0 0 0 0 0 0
0 0 0 0 0 0 0 0 0 0 0 0 0 0 0 0 0 0 0 0 0
0 0 0 0 0 0 0 0 0 0 0 0 0 0 0 0 0 0 0 0 0
0 0 0 0 0 0 0 0 0 0 0 0 0 0 0 0 0 0 0 0 0
Generic position: -5.012155
 1dcnn position: -52.795783
 simhit_x = 7.504970 -9989349.975586 -9989349.975586 -9989349.975586 -9989349.975586 -9989349.975586 -9989349.975586 -9989349.975586 -9989349.975586 -9989349.975586
mid_x = 0, mid_y = 0
cotalpha = -0.387062, cotbeta = 0.189546
pix[0].adc = 29719, pix.x = 38, pix.y = 45, irow = 0, icol = 0
trk_lp_x = -0.425383, trk_lp_y = -2.543897
0 0 0 0 0 0 0 0 0 0 0 0 0 0 0 0 0 0 0 0 0
0 0 0 0 0 0 0 0 0 0 0 0 0 0 0 0 0 0 0 0 0
0 0 0 0 0 0 0 0 0 0 0 0 0 0 0 0 0 0 0 0 0
0 0 0 0 0 0 0 0 0 0 0 0 0 0 0 0 0 0 0 0 0
0 0 0 0 0 0 0 0 0 0 0 0 0 0 0 0 0 0 0 0 0
0 0 0 0 0 0 0 0 0 0 0 0 0 0 0 0 0 0 0 0 0
0 0 0 0 0 0 0 0 0 0 29719 0 0 0 0 0 0 0 0 0 0
0 0 0 0 0 0 0 0 0 0 0 0 0 0 0 0 0 0 0 0 0
0 0 0 0 0 0 0 0 0 0 0 0 0 0 0 0 0 0 0 0 0
0 0 0 0 0 0 0 0 0 0 0 0 0 0 0 0 0 0 0 0 0
0 0 0 0 0 0 0 0 0 0 0 0 0 0 0 0 0 0 0 0 0
0 0 0 0 0 0 0 0 0 0 0 0 0 0 0 0 0 0 0 0 0
0 0 0 0 0 0 0 0 0 0 0 0 0 0 0 0 0 0 0 0 0
Generic position: -2.422929
 1dcnn position: -52.624643
 simhit_x = -5.478263 -9985750.122070 -9985750.122070 -9985750.122070 -9985750.122070 -9985750.122070 -9985750.122070 -9985750.122070 -9985750.122070 -9985750.122070
Begin processing the 16th record. Run 1, Event 16, LumiSection 1 on stream 0 at 21-Jul-2021 22:54:54.946 CDT
mid_x = 0, mid_y = 2
cotalpha = 0.060730, cotbeta = 1.634613
pix[0].adc = 7154, pix.x = 94, pix.y = 232, irow = 0, icol = 0
pix[1].adc = 11070, pix.x = 94, pix.y = 233, irow = 0, icol = 1
pix[2].adc = 8150, pix.x = 94, pix.y = 234, irow = 0, icol = 2
pix[3].adc = 6776, pix.x = 94, pix.y = 235, irow = 0, icol = 3
trk_lp_x = 0.151499, trk_lp_y = 0.406855
0 0 0 0 0 0 0 0 0 0 0 0 0 0 0 0 0 0 0 0 0
0 0 0 0 0 0 0 0 0 0 0 0 0 0 0 0 0 0 0 0 0
0 0 0 0 0 0 0 0 0 0 0 0 0 0 0 0 0 0 0 0 0
0 0 0 0 0 0 0 0 0 0 0 0 0 0 0 0 0 0 0 0 0
0 0 0 0 0 0 0 0 0 0 0 0 0 0 0 0 0 0 0 0 0
0 0 0 0 0 0 0 0 0 0 0 0 0 0 0 0 0 0 0 0 0
0 0 0 0 0 0 0 0 7154 11070 8150 6776 0 0 0 0 0 0 0 0 0
0 0 0 0 0 0 0 0 0 0 0 0 0 0 0 0 0 0 0 0 0
0 0 0 0 0 0 0 0 0 0 0 0 0 0 0 0 0 0 0 0 0
0 0 0 0 0 0 0 0 0 0 0 0 0 0 0 0 0 0 0 0 0
0 0 0 0 0 0 0 0 0 0 0 0 0 0 0 0 0 0 0 0 0
0 0 0 0 0 0 0 0 0 0 0 0 0 0 0 0 0 0 0 0 0
0 0 0 0 0 0 0 0 0 0 0 0 0 0 0 0 0 0 0 0 0
Generic position: -35.300851
 1dcnn position: -51.130205
 simhit_x = -41.262805 -9991550.292969 -9991550.292969 -9991550.292969 -9991550.292969 -9991550.292969 -9991550.292969 -9991550.292969 -9991550.292969 -9991550.292969
Begin processing the 17th record. Run 1, Event 17, LumiSection 1 on stream 0 at 21-Jul-2021 22:54:54.993 CDT
mid_x = 0, mid_y = 1
cotalpha = 0.355604, cotbeta = -0.545272
pix[0].adc = 25982, pix.x = 12, pix.y = 267, irow = 0, icol = 0
pix[1].adc = 3162, pix.x = 12, pix.y = 268, irow = 0, icol = 1
trk_lp_x = -0.683663, trk_lp_y = 0.940581
0 0 0 0 0 0 0 0 0 0 0 0 0 0 0 0 0 0 0 0 0
0 0 0 0 0 0 0 0 0 0 0 0 0 0 0 0 0 0 0 0 0
0 0 0 0 0 0 0 0 0 0 0 0 0 0 0 0 0 0 0 0 0
0 0 0 0 0 0 0 0 0 0 0 0 0 0 0 0 0 0 0 0 0
0 0 0 0 0 0 0 0 0 0 0 0 0 0 0 0 0 0 0 0 0
0 0 0 0 0 0 0 0 0 0 0 0 0 0 0 0 0 0 0 0 0
0 0 0 0 0 0 0 0 0 25982 3162 0 0 0 0 0 0 0 0 0 0
0 0 0 0 0 0 0 0 0 0 0 0 0 0 0 0 0 0 0 0 0
0 0 0 0 0 0 0 0 0 0 0 0 0 0 0 0 0 0 0 0 0
0 0 0 0 0 0 0 0 0 0 0 0 0 0 0 0 0 0 0 0 0
0 0 0 0 0 0 0 0 0 0 0 0 0 0 0 0 0 0 0 0 0
0 0 0 0 0 0 0 0 0 0 0 0 0 0 0 0 0 0 0 0 0
0 0 0 0 0 0 0 0 0 0 0 0 0 0 0 0 0 0 0 0 0
Generic position: 12.834072
 1dcnn position: -54.060221
 simhit_x = 14.436841 -9983150.024414 -9983150.024414 -9983150.024414 -9983150.024414 -9983150.024414 -9983150.024414 -9983150.024414 -9983150.024414 -9983150.024414
mid_x = 0, mid_y = 1
cotalpha = -0.369727, cotbeta = 0.461727
pix[0].adc = 4869, pix.x = 150, pix.y = 275, irow = 0, icol = 0
pix[1].adc = 27568, pix.x = 150, pix.y = 276, irow = 0, icol = 1
trk_lp_x = 0.714180, trk_lp_y = 1.069464
0 0 0 0 0 0 0 0 0 0 0 0 0 0 0 0 0 0 0 0 0
0 0 0 0 0 0 0 0 0 0 0 0 0 0 0 0 0 0 0 0 0
0 0 0 0 0 0 0 0 0 0 0 0 0 0 0 0 0 0 0 0 0
0 0 0 0 0 0 0 0 0 0 0 0 0 0 0 0 0 0 0 0 0
0 0 0 0 0 0 0 0 0 0 0 0 0 0 0 0 0 0 0 0 0
0 0 0 0 0 0 0 0 0 0 0 0 0 0 0 0 0 0 0 0 0
0 0 0 0 0 0 0 0 0 4869 27568 0 0 0 0 0 0 0 0 0 0
0 0 0 0 0 0 0 0 0 0 0 0 0 0 0 0 0 0 0 0 0
0 0 0 0 0 0 0 0 0 0 0 0 0 0 0 0 0 0 0 0 0
0 0 0 0 0 0 0 0 0 0 0 0 0 0 0 0 0 0 0 0 0
0 0 0 0 0 0 0 0 0 0 0 0 0 0 0 0 0 0 0 0 0
0 0 0 0 0 0 0 0 0 0 0 0 0 0 0 0 0 0 0 0 0
0 0 0 0 0 0 0 0 0 0 0 0 0 0 0 0 0 0 0 0 0
Generic position: -10.700822
 1dcnn position: -52.770376
 simhit_x = -10.696054 -9997150.268555 -9997150.268555 -9997150.268555 -9997150.268555 -9997150.268555 -9997150.268555 -9997150.268555 -9997150.268555 -9997150.268555
Begin processing the 18th record. Run 1, Event 18, LumiSection 1 on stream 0 at 21-Jul-2021 22:54:55.059 CDT
mid_x = 0, mid_y = 2
cotalpha = 0.038641, cotbeta = 2.400939
pix[0].adc = 9394, pix.x = 68, pix.y = 290, irow = 0, icol = 0
pix[1].adc = 8375, pix.x = 68, pix.y = 291, irow = 0, icol = 1
pix[2].adc = 14939, pix.x = 68, pix.y = 292, irow = 0, icol = 2
pix[3].adc = 12510, pix.x = 68, pix.y = 293, irow = 0, icol = 3
pix[4].adc = 9741, pix.x = 68, pix.y = 294, irow = 0, icol = 4
trk_lp_x = -0.127532, trk_lp_y = 1.312166
0 0 0 0 0 0 0 0 0 0 0 0 0 0 0 0 0 0 0 0 0
0 0 0 0 0 0 0 0 0 0 0 0 0 0 0 0 0 0 0 0 0
0 0 0 0 0 0 0 0 0 0 0 0 0 0 0 0 0 0 0 0 0
0 0 0 0 0 0 0 0 0 0 0 0 0 0 0 0 0 0 0 0 0
0 0 0 0 0 0 0 0 0 0 0 0 0 0 0 0 0 0 0 0 0
0 0 0 0 0 0 0 0 0 0 0 0 0 0 0 0 0 0 0 0 0
0 0 0 0 0 0 0 0 9394 8375 14939 12510 9741 0 0 0 0 0 0 0 0
0 0 0 0 0 0 0 0 0 0 0 0 0 0 0 0 0 0 0 0 0
0 0 0 0 0 0 0 0 0 0 0 0 0 0 0 0 0 0 0 0 0
0 0 0 0 0 0 0 0 0 0 0 0 0 0 0 0 0 0 0 0 0
0 0 0 0 0 0 0 0 0 0 0 0 0 0 0 0 0 0 0 0 0
0 0 0 0 0 0 0 0 0 0 0 0 0 0 0 0 0 0 0 0 0
0 0 0 0 0 0 0 0 0 0 0 0 0 0 0 0 0 0 0 0 0
Generic position: -35.301298
 1dcnn position: -51.468313
 simhit_x = -31.214058 -9988750.000000 -9988750.000000 -9988750.000000 -9988750.000000 -9988750.000000 -9988750.000000 -9988750.000000 -9988750.000000 -9988750.000000
mid_x = 0, mid_y = 2
cotalpha = 0.040086, cotbeta = -2.400773
pix[0].adc = 21463, pix.x = 57, pix.y = 4, irow = 0, icol = 0
pix[1].adc = 21958, pix.x = 57, pix.y = 5, irow = 0, icol = 1
pix[2].adc = 11906, pix.x = 57, pix.y = 6, irow = 0, icol = 2
pix[3].adc = 10862, pix.x = 57, pix.y = 7, irow = 0, icol = 3
pix[4].adc = 11398, pix.x = 57, pix.y = 8, irow = 0, icol = 4
trk_lp_x = -0.239263, trk_lp_y = -3.126646
0 0 0 0 0 0 0 0 0 0 0 0 0 0 0 0 0 0 0 0 0
0 0 0 0 0 0 0 0 0 0 0 0 0 0 0 0 0 0 0 0 0
0 0 0 0 0 0 0 0 0 0 0 0 0 0 0 0 0 0 0 0 0
0 0 0 0 0 0 0 0 0 0 0 0 0 0 0 0 0 0 0 0 0
0 0 0 0 0 0 0 0 0 0 0 0 0 0 0 0 0 0 0 0 0
0 0 0 0 0 0 0 0 0 0 0 0 0 0 0 0 0 0 0 0 0
0 0 0 0 0 0 0 0 21463 21958 11906 10862 11398 0 0 0 0 0 0 0 0
0 0 0 0 0 0 0 0 0 0 0 0 0 0 0 0 0 0 0 0 0
0 0 0 0 0 0 0 0 0 0 0 0 0 0 0 0 0 0 0 0 0
0 0 0 0 0 0 0 0 0 0 0 0 0 0 0 0 0 0 0 0 0
0 0 0 0 0 0 0 0 0 0 0 0 0 0 0 0 0 0 0 0 0
0 0 0 0 0 0 0 0 0 0 0 0 0 0 0 0 0 0 0 0 0
0 0 0 0 0 0 0 0 0 0 0 0 0 0 0 0 0 0 0 0 0
Generic position: -42.347312
 1dcnn position: -51.750541
 simhit_x = -42.568147 -9987650.146484 -9987650.146484 -9987650.146484 -9987650.146484 -9987650.146484 -9987650.146484 -9987650.146484 -9987650.146484 -9987650.146484
mid_x = 0, mid_y = 1
cotalpha = -0.309578, cotbeta = -0.473882
pix[0].adc = 16811, pix.x = 20, pix.y = 83, irow = 0, icol = 0
pix[1].adc = 4335, pix.x = 20, pix.y = 84, irow = 0, icol = 1
trk_lp_x = -0.607065, trk_lp_y = -1.937217
0 0 0 0 0 0 0 0 0 0 0 0 0 0 0 0 0 0 0 0 0
0 0 0 0 0 0 0 0 0 0 0 0 0 0 0 0 0 0 0 0 0
0 0 0 0 0 0 0 0 0 0 0 0 0 0 0 0 0 0 0 0 0
0 0 0 0 0 0 0 0 0 0 0 0 0 0 0 0 0 0 0 0 0
0 0 0 0 0 0 0 0 0 0 0 0 0 0 0 0 0 0 0 0 0
0 0 0 0 0 0 0 0 0 0 0 0 0 0 0 0 0 0 0 0 0
0 0 0 0 0 0 0 0 0 16811 4335 0 0 0 0 0 0 0 0 0 0
0 0 0 0 0 0 0 0 0 0 0 0 0 0 0 0 0 0 0 0 0
0 0 0 0 0 0 0 0 0 0 0 0 0 0 0 0 0 0 0 0 0
0 0 0 0 0 0 0 0 0 0 0 0 0 0 0 0 0 0 0 0 0
0 0 0 0 0 0 0 0 0 0 0 0 0 0 0 0 0 0 0 0 0
0 0 0 0 0 0 0 0 0 0 0 0 0 0 0 0 0 0 0 0 0
0 0 0 0 0 0 0 0 0 0 0 0 0 0 0 0 0 0 0 0 0
Generic position: -5.013943
 1dcnn position: -52.639842
 simhit_x = -17.503500 -9983950.195312 -9983950.195312 -9983950.195312 -9983950.195312 -9983950.195312 -9983950.195312 -9983950.195312 -9983950.195312 -9983950.195312
Begin processing the 19th record. Run 1, Event 19, LumiSection 1 on stream 0 at 21-Jul-2021 22:54:55.112 CDT
mid_x = 0, mid_y = 3
cotalpha = -0.094471, cotbeta = -3.371788
pix[0].adc = 25661, pix.x = 109, pix.y = 90, irow = 0, icol = 0
pix[1].adc = 23236, pix.x = 109, pix.y = 91, irow = 0, icol = 1
pix[2].adc = 12564, pix.x = 109, pix.y = 92, irow = 0, icol = 2
pix[3].adc = 13443, pix.x = 109, pix.y = 93, irow = 0, icol = 3
pix[4].adc = 11540, pix.x = 109, pix.y = 94, irow = 0, icol = 4
pix[5].adc = 7393, pix.x = 109, pix.y = 95, irow = 0, icol = 5
pix[6].adc = 11898, pix.x = 109, pix.y = 96, irow = 0, icol = 6
trk_lp_x = 0.301967, trk_lp_y = -1.790938
0 0 0 0 0 0 0 0 0 0 0 0 0 0 0 0 0 0 0 0 0
0 0 0 0 0 0 0 0 0 0 0 0 0 0 0 0 0 0 0 0 0
0 0 0 0 0 0 0 0 0 0 0 0 0 0 0 0 0 0 0 0 0
0 0 0 0 0 0 0 0 0 0 0 0 0 0 0 0 0 0 0 0 0
0 0 0 0 0 0 0 0 0 0 0 0 0 0 0 0 0 0 0 0 0
0 0 0 0 0 0 0 0 0 0 0 0 0 0 0 0 0 0 0 0 0
0 0 0 0 0 0 0 25661 23236 12564 13443 11540 7393 11898 0 0 0 0 0 0 0
0 0 0 0 0 0 0 0 0 0 0 0 0 0 0 0 0 0 0 0 0
0 0 0 0 0 0 0 0 0 0 0 0 0 0 0 0 0 0 0 0 0
0 0 0 0 0 0 0 0 0 0 0 0 0 0 0 0 0 0 0 0 0
0 0 0 0 0 0 0 0 0 0 0 0 0 0 0 0 0 0 0 0 0
0 0 0 0 0 0 0 0 0 0 0 0 0 0 0 0 0 0 0 0 0
0 0 0 0 0 0 0 0 0 0 0 0 0 0 0 0 0 0 0 0 0
Generic position: -35.294890
 1dcnn position: -52.810311
 simhit_x = -26.552677 -9993049.926758 -9993049.926758 -9993049.926758 -9993049.926758 -9993049.926758 -9993049.926758 -9993049.926758 -9993049.926758 -9993049.926758
mid_x = 0, mid_y = 1
cotalpha = -0.369054, cotbeta = 0.534576
pix[0].adc = 5872, pix.x = 143, pix.y = 230, irow = 0, icol = 0
pix[1].adc = 17714, pix.x = 143, pix.y = 231, irow = 0, icol = 1
trk_lp_x = 0.642878, trk_lp_y = 0.365145
0 0 0 0 0 0 0 0 0 0 0 0 0 0 0 0 0 0 0 0 0
0 0 0 0 0 0 0 0 0 0 0 0 0 0 0 0 0 0 0 0 0
0 0 0 0 0 0 0 0 0 0 0 0 0 0 0 0 0 0 0 0 0
0 0 0 0 0 0 0 0 0 0 0 0 0 0 0 0 0 0 0 0 0
0 0 0 0 0 0 0 0 0 0 0 0 0 0 0 0 0 0 0 0 0
0 0 0 0 0 0 0 0 0 0 0 0 0 0 0 0 0 0 0 0 0
0 0 0 0 0 0 0 0 0 5872 17714 0 0 0 0 0 0 0 0 0 0
0 0 0 0 0 0 0 0 0 0 0 0 0 0 0 0 0 0 0 0 0
0 0 0 0 0 0 0 0 0 0 0 0 0 0 0 0 0 0 0 0 0
0 0 0 0 0 0 0 0 0 0 0 0 0 0 0 0 0 0 0 0 0
0 0 0 0 0 0 0 0 0 0 0 0 0 0 0 0 0 0 0 0 0
0 0 0 0 0 0 0 0 0 0 0 0 0 0 0 0 0 0 0 0 0
0 0 0 0 0 0 0 0 0 0 0 0 0 0 0 0 0 0 0 0 0
Generic position: -10.703802
 1dcnn position: -52.497983
 simhit_x = -20.931363 -9996450.195312 -9996450.195312 -9996450.195312 -9996450.195312 -9996450.195312 -9996450.195312 -9996450.195312 -9996450.195312 -9996450.195312
mid_x = 0, mid_y = 1
cotalpha = -0.321207, cotbeta = -0.348136
pix[0].adc = 4425, pix.x = 19, pix.y = 16, irow = 0, icol = 0
pix[1].adc = 14403, pix.x = 19, pix.y = 17, irow = 0, icol = 1
trk_lp_x = -0.613453, trk_lp_y = -2.964480
0 0 0 0 0 0 0 0 0 0 0 0 0 0 0 0 0 0 0 0 0
0 0 0 0 0 0 0 0 0 0 0 0 0 0 0 0 0 0 0 0 0
0 0 0 0 0 0 0 0 0 0 0 0 0 0 0 0 0 0 0 0 0
0 0 0 0 0 0 0 0 0 0 0 0 0 0 0 0 0 0 0 0 0
0 0 0 0 0 0 0 0 0 0 0 0 0 0 0 0 0 0 0 0 0
0 0 0 0 0 0 0 0 0 0 0 0 0 0 0 0 0 0 0 0 0
0 0 0 0 0 0 0 0 0 4425 14403 0 0 0 0 0 0 0 0 0 0
0 0 0 0 0 0 0 0 0 0 0 0 0 0 0 0 0 0 0 0 0
0 0 0 0 0 0 0 0 0 0 0 0 0 0 0 0 0 0 0 0 0
0 0 0 0 0 0 0 0 0 0 0 0 0 0 0 0 0 0 0 0 0
0 0 0 0 0 0 0 0 0 0 0 0 0 0 0 0 0 0 0 0 0
0 0 0 0 0 0 0 0 0 0 0 0 0 0 0 0 0 0 0 0 0
0 0 0 0 0 0 0 0 0 0 0 0 0 0 0 0 0 0 0 0 0
Generic position: -5.013347
 1dcnn position: -52.645206
 simhit_x = 15.701056 -9983850.097656 -9983850.097656 -9983850.097656 -9983850.097656 -9983850.097656 -9983850.097656 -9983850.097656 -9983850.097656 -9983850.097656
Begin processing the 20th record. Run 1, Event 20, LumiSection 1 on stream 0 at 21-Jul-2021 22:54:55.166 CDT
mid_x = 0, mid_y = 1
cotalpha = -0.063310, cotbeta = 0.834613
pix[0].adc = 35739, pix.x = 34, pix.y = 54, irow = 0, icol = 0
pix[1].adc = 7775, pix.x = 34, pix.y = 55, irow = 0, icol = 1
trk_lp_x = -0.468340, trk_lp_y = -2.373388
0 0 0 0 0 0 0 0 0 0 0 0 0 0 0 0 0 0 0 0 0
0 0 0 0 0 0 0 0 0 0 0 0 0 0 0 0 0 0 0 0 0
0 0 0 0 0 0 0 0 0 0 0 0 0 0 0 0 0 0 0 0 0
0 0 0 0 0 0 0 0 0 0 0 0 0 0 0 0 0 0 0 0 0
0 0 0 0 0 0 0 0 0 0 0 0 0 0 0 0 0 0 0 0 0
0 0 0 0 0 0 0 0 0 0 0 0 0 0 0 0 0 0 0 0 0
0 0 0 0 0 0 0 0 0 35739 7775 0 0 0 0 0 0 0 0 0 0
0 0 0 0 0 0 0 0 0 0 0 0 0 0 0 0 0 0 0 0 0
0 0 0 0 0 0 0 0 0 0 0 0 0 0 0 0 0 0 0 0 0
0 0 0 0 0 0 0 0 0 0 0 0 0 0 0 0 0 0 0 0 0
0 0 0 0 0 0 0 0 0 0 0 0 0 0 0 0 0 0 0 0 0
0 0 0 0 0 0 0 0 0 0 0 0 0 0 0 0 0 0 0 0 0
0 0 0 0 0 0 0 0 0 0 0 0 0 0 0 0 0 0 0 0 0
Generic position: -42.358935
 1dcnn position: -51.947832
 simhit_x = -33.214390 -9985349.731445 -9985349.731445 -9985349.731445 -9985349.731445 -9985349.731445 -9985349.731445 -9985349.731445 -9985349.731445 -9985349.731445
mid_x = 0, mid_y = 1
cotalpha = 0.000306, cotbeta = 0.832943
pix[0].adc = 14217, pix.x = 78, pix.y = 273, irow = 0, icol = 0
pix[1].adc = 9558, pix.x = 78, pix.y = 274, irow = 0, icol = 1
trk_lp_x = -0.029961, trk_lp_y = 1.030071
0 0 0 0 0 0 0 0 0 0 0 0 0 0 0 0 0 0 0 0 0
0 0 0 0 0 0 0 0 0 0 0 0 0 0 0 0 0 0 0 0 0
0 0 0 0 0 0 0 0 0 0 0 0 0 0 0 0 0 0 0 0 0
0 0 0 0 0 0 0 0 0 0 0 0 0 0 0 0 0 0 0 0 0
0 0 0 0 0 0 0 0 0 0 0 0 0 0 0 0 0 0 0 0 0
0 0 0 0 0 0 0 0 0 0 0 0 0 0 0 0 0 0 0 0 0
0 0 0 0 0 0 0 0 0 14217 9558 0 0 0 0 0 0 0 0 0 0
0 0 0 0 0 0 0 0 0 0 0 0 0 0 0 0 0 0 0 0 0
0 0 0 0 0 0 0 0 0 0 0 0 0 0 0 0 0 0 0 0 0
0 0 0 0 0 0 0 0 0 0 0 0 0 0 0 0 0 0 0 0 0
0 0 0 0 0 0 0 0 0 0 0 0 0 0 0 0 0 0 0 0 0
0 0 0 0 0 0 0 0 0 0 0 0 0 0 0 0 0 0 0 0 0
0 0 0 0 0 0 0 0 0 0 0 0 0 0 0 0 0 0 0 0 0
Generic position: -48.876461
 1dcnn position: -51.333085
 simhit_x = -49.842969 -9989749.755859 -9989749.755859 -9989749.755859 -9989749.755859 -9989749.755859 -9989749.755859 -9989749.755859 -9989749.755859 -9989749.755859
mid_x = 0, mid_y = 1
cotalpha = -0.002495, cotbeta = -0.832945
pix[0].adc = 7727, pix.x = 87, pix.y = 99, irow = 0, icol = 0
pix[1].adc = 18673, pix.x = 87, pix.y = 100, irow = 0, icol = 1
trk_lp_x = 0.079979, trk_lp_y = -1.689741
0 0 0 0 0 0 0 0 0 0 0 0 0 0 0 0 0 0 0 0 0
0 0 0 0 0 0 0 0 0 0 0 0 0 0 0 0 0 0 0 0 0
0 0 0 0 0 0 0 0 0 0 0 0 0 0 0 0 0 0 0 0 0
0 0 0 0 0 0 0 0 0 0 0 0 0 0 0 0 0 0 0 0 0
0 0 0 0 0 0 0 0 0 0 0 0 0 0 0 0 0 0 0 0 0
0 0 0 0 0 0 0 0 0 0 0 0 0 0 0 0 0 0 0 0 0
0 0 0 0 0 0 0 0 0 7727 18673 0 0 0 0 0 0 0 0 0 0
0 0 0 0 0 0 0 0 0 0 0 0 0 0 0 0 0 0 0 0 0
0 0 0 0 0 0 0 0 0 0 0 0 0 0 0 0 0 0 0 0 0
0 0 0 0 0 0 0 0 0 0 0 0 0 0 0 0 0 0 0 0 0
0 0 0 0 0 0 0 0 0 0 0 0 0 0 0 0 0 0 0 0 0
0 0 0 0 0 0 0 0 0 0 0 0 0 0 0 0 0 0 0 0 0
0 0 0 0 0 0 0 0 0 0 0 0 0 0 0 0 0 0 0 0 0
Generic position: -54.302886
 1dcnn position: -51.367134
 simhit_x = -49.363896 -9990850.219727 -9990850.219727 -9990850.219727 -9990850.219727 -9990850.219727 -9990850.219727 -9990850.219727 -9990850.219727 -9990850.219727
mid_x = 0, mid_y = 1
cotalpha = 0.160978, cotbeta = 0.843395
pix[0].adc = 7682, pix.x = 34, pix.y = 395, irow = 0, icol = 0
pix[1].adc = 11291, pix.x = 34, pix.y = 396, irow = 0, icol = 1
trk_lp_x = -0.467881, trk_lp_y = 2.926619
0 0 0 0 0 0 0 0 0 0 0 0 0 0 0 0 0 0 0 0 0
0 0 0 0 0 0 0 0 0 0 0 0 0 0 0 0 0 0 0 0 0
0 0 0 0 0 0 0 0 0 0 0 0 0 0 0 0 0 0 0 0 0
0 0 0 0 0 0 0 0 0 0 0 0 0 0 0 0 0 0 0 0 0
0 0 0 0 0 0 0 0 0 0 0 0 0 0 0 0 0 0 0 0 0
0 0 0 0 0 0 0 0 0 0 0 0 0 0 0 0 0 0 0 0 0
0 0 0 0 0 0 0 0 0 7682 11291 0 0 0 0 0 0 0 0 0 0
0 0 0 0 0 0 0 0 0 0 0 0 0 0 0 0 0 0 0 0 0
0 0 0 0 0 0 0 0 0 0 0 0 0 0 0 0 0 0 0 0 0
0 0 0 0 0 0 0 0 0 0 0 0 0 0 0 0 0 0 0 0 0
0 0 0 0 0 0 0 0 0 0 0 0 0 0 0 0 0 0 0 0 0
0 0 0 0 0 0 0 0 0 0 0 0 0 0 0 0 0 0 0 0 0
0 0 0 0 0 0 0 0 0 0 0 0 0 0 0 0 0 0 0 0 0
Generic position: -35.301447
 1dcnn position: -50.855279
 simhit_x = -30.180216 -9985349.731445 -9985349.731445 -9985349.731445 -9985349.731445 -9985349.731445 -9985349.731445 -9985349.731445 -9985349.731445 -9985349.731445
mid_x = 0, mid_y = 1
cotalpha = -0.064899, cotbeta = -0.834427
pix[0].adc = 3320, pix.x = 39, pix.y = 171, irow = 0, icol = 0
pix[1].adc = 17228, pix.x = 39, pix.y = 172, irow = 0, icol = 1
pix[2].adc = 8223, pix.x = 39, pix.y = 173, irow = 0, icol = 2
trk_lp_x = -0.421033, trk_lp_y = -0.545268
0 0 0 0 0 0 0 0 0 0 0 0 0 0 0 0 0 0 0 0 0
0 0 0 0 0 0 0 0 0 0 0 0 0 0 0 0 0 0 0 0 0
0 0 0 0 0 0 0 0 0 0 0 0 0 0 0 0 0 0 0 0 0
0 0 0 0 0 0 0 0 0 0 0 0 0 0 0 0 0 0 0 0 0
0 0 0 0 0 0 0 0 0 0 0 0 0 0 0 0 0 0 0 0 0
0 0 0 0 0 0 0 0 0 0 0 0 0 0 0 0 0 0 0 0 0
0 0 0 0 0 0 0 0 0 3320 17228 8223 0 0 0 0 0 0 0 0 0
0 0 0 0 0 0 0 0 0 0 0 0 0 0 0 0 0 0 0 0 0
0 0 0 0 0 0 0 0 0 0 0 0 0 0 0 0 0 0 0 0 0
0 0 0 0 0 0 0 0 0 0 0 0 0 0 0 0 0 0 0 0 0
0 0 0 0 0 0 0 0 0 0 0 0 0 0 0 0 0 0 0 0 0
0 0 0 0 0 0 0 0 0 0 0 0 0 0 0 0 0 0 0 0 0
0 0 0 0 0 0 0 0 0 0 0 0 0 0 0 0 0 0 0 0 0
Generic position: -42.361915
 1dcnn position: -51.886141
 simhit_x = -59.725642 -9985850.219727 -9985850.219727 -9985850.219727 -9985850.219727 -9985850.219727 -9985850.219727 -9985850.219727 -9985850.219727 -9985850.219727