
mid_x = 1, mid_y = 1
cotalpha = 0.109701, cotbeta = 1.228438
pix[0].adc = 4932, pix.x = 12, pix.y = 161, irow = 0, icol = 0
pix[1].adc = 10235, pix.x = 13, pix.y = 161, irow = 1, icol = 0
pix[2].adc = 14422, pix.x = 13, pix.y = 162, irow = 1, icol = 1
pix[3].adc = 4863, pix.x = 13, pix.y = 163, irow = 1, icol = 2
pix[4].adc = 3799, pix.x = 14, pix.y = 163, irow = 2, icol = 2
trk_lp_x = -0.679504, trk_lp_y = -0.699371
0 0 0 0 0 0 0 0 0 0 0 0 0 0 0 0 0 0 0 0 0
0 0 0 0 0 0 0 0 0 0 0 0 0 0 0 0 0 0 0 0 0
0 0 0 0 0 0 0 0 0 0 0 0 0 0 0 0 0 0 0 0 0
0 0 0 0 0 0 0 0 0 0 0 0 0 0 0 0 0 0 0 0 0
0 0 0 0 0 0 0 0 0 0 0 0 0 0 0 0 0 0 0 0 0
0 0 0 0 0 0 0 0 0 4932 0 0 0 0 0 0 0 0 0 0 0
0 0 0 0 0 0 0 0 0 10235 14422 4863 0 0 0 0 0 0 0 0 0
0 0 0 0 0 0 0 0 0 0 0 3799 0 0 0 0 0 0 0 0 0
0 0 0 0 0 0 0 0 0 0 0 0 0 0 0 0 0 0 0 0 0
0 0 0 0 0 0 0 0 0 0 0 0 0 0 0 0 0 0 0 0 0
0 0 0 0 0 0 0 0 0 0 0 0 0 0 0 0 0 0 0 0 0
0 0 0 0 0 0 0 0 0 0 0 0 0 0 0 0 0 0 0 0 0
0 0 0 0 0 0 0 0 0 0 0 0 0 0 0 0 0 0 0 0 0
Generic position: 51.150918
 1dcnn position: 46.263337
 simhit_x = 58.458447 -9983150.024414 -9983150.024414 -9983150.024414 -9983150.024414 -9983150.024414 -9983150.024414 -9983150.024414 -9983150.024414 -9983150.024414
Begin processing the 2nd record. Run 1, Event 2, LumiSection 1 on stream 0 at 21-Jul-2021 23:59:45.607 CDT
Begin processing the 3rd record. Run 1, Event 3, LumiSection 1 on stream 0 at 21-Jul-2021 23:59:45.647 CDT
Begin processing the 4th record. Run 1, Event 4, LumiSection 1 on stream 0 at 21-Jul-2021 23:59:45.690 CDT
Begin processing the 5th record. Run 1, Event 5, LumiSection 1 on stream 0 at 21-Jul-2021 23:59:45.763 CDT
mid_x = 1, mid_y = 1
cotalpha = 0.035862, cotbeta = -1.095745
pix[0].adc = 5435, pix.x = 46, pix.y = 377, irow = 1, icol = 0
pix[1].adc = 10599, pix.x = 46, pix.y = 378, irow = 1, icol = 1
pix[2].adc = 2037, pix.x = 45, pix.y = 379, irow = 0, icol = 2
pix[3].adc = 9119, pix.x = 46, pix.y = 379, irow = 1, icol = 2
trk_lp_x = -0.350881, trk_lp_y = 2.664696
0 0 0 0 0 0 0 0 0 0 0 0 0 0 0 0 0 0 0 0 0
0 0 0 0 0 0 0 0 0 0 0 0 0 0 0 0 0 0 0 0 0
0 0 0 0 0 0 0 0 0 0 0 0 0 0 0 0 0 0 0 0 0
0 0 0 0 0 0 0 0 0 0 0 0 0 0 0 0 0 0 0 0 0
0 0 0 0 0 0 0 0 0 0 0 0 0 0 0 0 0 0 0 0 0
0 0 0 0 0 0 0 0 0 0 0 2037 0 0 0 0 0 0 0 0 0
0 0 0 0 0 0 0 0 0 5435 10599 9119 0 0 0 0 0 0 0 0 0
0 0 0 0 0 0 0 0 0 0 0 0 0 0 0 0 0 0 0 0 0
0 0 0 0 0 0 0 0 0 0 0 0 0 0 0 0 0 0 0 0 0
0 0 0 0 0 0 0 0 0 0 0 0 0 0 0 0 0 0 0 0 0
0 0 0 0 0 0 0 0 0 0 0 0 0 0 0 0 0 0 0 0 0
0 0 0 0 0 0 0 0 0 0 0 0 0 0 0 0 0 0 0 0 0
0 0 0 0 0 0 0 0 0 0 0 0 0 0 0 0 0 0 0 0 0
Generic position: 43.631792
 1dcnn position: 42.648315
 simhit_x = 41.424036 -9986450.195312 -9986450.195312 -9986450.195312 -9986450.195312 -9986450.195312 -9986450.195312 -9986450.195312 -9986450.195312 -9986450.195312
Begin processing the 6th record. Run 1, Event 6, LumiSection 1 on stream 0 at 21-Jul-2021 23:59:45.808 CDT
mid_x = 0, mid_y = 1
cotalpha = 0.043774, cotbeta = -1.218388
pix[0].adc = 7192, pix.x = 122, pix.y = 109, irow = 0, icol = 0
pix[1].adc = 8698, pix.x = 123, pix.y = 109, irow = 1, icol = 0
pix[2].adc = 17242, pix.x = 122, pix.y = 110, irow = 0, icol = 1
pix[3].adc = 2415, pix.x = 122, pix.y = 111, irow = 0, icol = 2
trk_lp_x = 0.432131, trk_lp_y = -1.513030
0 0 0 0 0 0 0 0 0 0 0 0 0 0 0 0 0 0 0 0 0
0 0 0 0 0 0 0 0 0 0 0 0 0 0 0 0 0 0 0 0 0
0 0 0 0 0 0 0 0 0 0 0 0 0 0 0 0 0 0 0 0 0
0 0 0 0 0 0 0 0 0 0 0 0 0 0 0 0 0 0 0 0 0
0 0 0 0 0 0 0 0 0 0 0 0 0 0 0 0 0 0 0 0 0
0 0 0 0 0 0 0 0 0 0 0 0 0 0 0 0 0 0 0 0 0
0 0 0 0 0 0 0 0 0 7192 17242 2415 0 0 0 0 0 0 0 0 0
0 0 0 0 0 0 0 0 0 8698 0 0 0 0 0 0 0 0 0 0 0
0 0 0 0 0 0 0 0 0 0 0 0 0 0 0 0 0 0 0 0 0
0 0 0 0 0 0 0 0 0 0 0 0 0 0 0 0 0 0 0 0 0
0 0 0 0 0 0 0 0 0 0 0 0 0 0 0 0 0 0 0 0 0
0 0 0 0 0 0 0 0 0 0 0 0 0 0 0 0 0 0 0 0 0
0 0 0 0 0 0 0 0 0 0 0 0 0 0 0 0 0 0 0 0 0
Generic position: -23.760796
 1dcnn position: -29.064417
 simhit_x = -26.595592 -9994349.975586 -9994349.975586 -9994349.975586 -9994349.975586 -9994349.975586 -9994349.975586 -9994349.975586 -9994349.975586 -9994349.975586
Begin processing the 7th record. Run 1, Event 7, LumiSection 1 on stream 0 at 21-Jul-2021 23:59:45.862 CDT
mid_x = 0, mid_y = 0
cotalpha = 0.038559, cotbeta = -0.230357
pix[0].adc = 8331, pix.x = 141, pix.y = 190, irow = 0, icol = 0
pix[1].adc = 3666, pix.x = 142, pix.y = 190, irow = 1, icol = 0
pix[2].adc = 12711, pix.x = 141, pix.y = 191, irow = 0, icol = 1
trk_lp_x = 0.621597, trk_lp_y = -0.270049
0 0 0 0 0 0 0 0 0 0 0 0 0 0 0 0 0 0 0 0 0
0 0 0 0 0 0 0 0 0 0 0 0 0 0 0 0 0 0 0 0 0
0 0 0 0 0 0 0 0 0 0 0 0 0 0 0 0 0 0 0 0 0
0 0 0 0 0 0 0 0 0 0 0 0 0 0 0 0 0 0 0 0 0
0 0 0 0 0 0 0 0 0 0 0 0 0 0 0 0 0 0 0 0 0
0 0 0 0 0 0 0 0 0 0 0 0 0 0 0 0 0 0 0 0 0
0 0 0 0 0 0 0 0 0 0 8331 12711 0 0 0 0 0 0 0 0 0
0 0 0 0 0 0 0 0 0 0 3666 0 0 0 0 0 0 0 0 0 0
0 0 0 0 0 0 0 0 0 0 0 0 0 0 0 0 0 0 0 0 0
0 0 0 0 0 0 0 0 0 0 0 0 0 0 0 0 0 0 0 0 0
0 0 0 0 0 0 0 0 0 0 0 0 0 0 0 0 0 0 0 0 0
0 0 0 0 0 0 0 0 0 0 0 0 0 0 0 0 0 0 0 0 0
0 0 0 0 0 0 0 0 0 0 0 0 0 0 0 0 0 0 0 0 0
Generic position: -39.475560
 1dcnn position: -40.931702
 simhit_x = -31.374097 -9996250.000000 -9996250.000000 -9996250.000000 -9996250.000000 -9996250.000000 -9996250.000000 -9996250.000000 -9996250.000000 -9996250.000000
mid_x = 1, mid_y = 1
cotalpha = 0.173882, cotbeta = -0.233715
pix[0].adc = 7217, pix.x = 32, pix.y = 40, irow = 1, icol = 0
pix[1].adc = 8670, pix.x = 31, pix.y = 41, irow = 0, icol = 1
pix[2].adc = 6366, pix.x = 32, pix.y = 41, irow = 1, icol = 1
trk_lp_x = -0.492280, trk_lp_y = -2.608696
0 0 0 0 0 0 0 0 0 0 0 0 0 0 0 0 0 0 0 0 0
0 0 0 0 0 0 0 0 0 0 0 0 0 0 0 0 0 0 0 0 0
0 0 0 0 0 0 0 0 0 0 0 0 0 0 0 0 0 0 0 0 0
0 0 0 0 0 0 0 0 0 0 0 0 0 0 0 0 0 0 0 0 0
0 0 0 0 0 0 0 0 0 0 0 0 0 0 0 0 0 0 0 0 0
0 0 0 0 0 0 0 0 0 0 8670 0 0 0 0 0 0 0 0 0 0
0 0 0 0 0 0 0 0 0 7217 6366 0 0 0 0 0 0 0 0 0 0
0 0 0 0 0 0 0 0 0 0 0 0 0 0 0 0 0 0 0 0 0
0 0 0 0 0 0 0 0 0 0 0 0 0 0 0 0 0 0 0 0 0
0 0 0 0 0 0 0 0 0 0 0 0 0 0 0 0 0 0 0 0 0
0 0 0 0 0 0 0 0 0 0 0 0 0 0 0 0 0 0 0 0 0
0 0 0 0 0 0 0 0 0 0 0 0 0 0 0 0 0 0 0 0 0
0 0 0 0 0 0 0 0 0 0 0 0 0 0 0 0 0 0 0 0 0
Generic position: 25.738180
 1dcnn position: 15.967488
 simhit_x = 40.018559 -9985050.048828 -9985050.048828 -9985050.048828 -9985050.048828 -9985050.048828 -9985050.048828 -9985050.048828 -9985050.048828 -9985050.048828
Begin processing the 8th record. Run 1, Event 8, LumiSection 1 on stream 0 at 21-Jul-2021 23:59:45.905 CDT
mid_x = 1, mid_y = 3
cotalpha = 0.096868, cotbeta = -2.862351
pix[0].adc = 3871, pix.x = 57, pix.y = 398, irow = 1, icol = 0
pix[1].adc = 12356, pix.x = 57, pix.y = 399, irow = 1, icol = 1
pix[2].adc = 18879, pix.x = 57, pix.y = 400, irow = 1, icol = 2
pix[3].adc = 14699, pix.x = 57, pix.y = 401, irow = 1, icol = 3
pix[4].adc = 14703, pix.x = 57, pix.y = 402, irow = 1, icol = 4
pix[5].adc = 8200, pix.x = 56, pix.y = 403, irow = 0, icol = 5
pix[6].adc = 8977, pix.x = 57, pix.y = 403, irow = 1, icol = 5
trk_lp_x = -0.239757, trk_lp_y = 3.005480
0 0 0 0 0 0 0 0 0 0 0 0 0 0 0 0 0 0 0 0 0
0 0 0 0 0 0 0 0 0 0 0 0 0 0 0 0 0 0 0 0 0
0 0 0 0 0 0 0 0 0 0 0 0 0 0 0 0 0 0 0 0 0
0 0 0 0 0 0 0 0 0 0 0 0 0 0 0 0 0 0 0 0 0
0 0 0 0 0 0 0 0 0 0 0 0 0 0 0 0 0 0 0 0 0
0 0 0 0 0 0 0 0 0 0 0 0 8200 0 0 0 0 0 0 0 0
0 0 0 0 0 0 0 3871 12356 18879 14699 14703 8977 0 0 0 0 0 0 0 0
0 0 0 0 0 0 0 0 0 0 0 0 0 0 0 0 0 0 0 0 0
0 0 0 0 0 0 0 0 0 0 0 0 0 0 0 0 0 0 0 0 0
0 0 0 0 0 0 0 0 0 0 0 0 0 0 0 0 0 0 0 0 0
0 0 0 0 0 0 0 0 0 0 0 0 0 0 0 0 0 0 0 0 0
0 0 0 0 0 0 0 0 0 0 0 0 0 0 0 0 0 0 0 0 0
0 0 0 0 0 0 0 0 0 0 0 0 0 0 0 0 0 0 0 0 0
Generic position: 52.908957
 1dcnn position: 38.603842
 simhit_x = 52.585751 -9987550.048828 -9987550.048828 -9987550.048828 -9987550.048828 -9987550.048828 -9987550.048828 -9987550.048828 -9987550.048828 -9987550.048828
Begin processing the 9th record. Run 1, Event 9, LumiSection 1 on stream 0 at 21-Jul-2021 23:59:45.950 CDT
Begin processing the 10th record. Run 1, Event 10, LumiSection 1 on stream 0 at 21-Jul-2021 23:59:46.003 CDT
mid_x = 1, mid_y = 1
cotalpha = 0.352480, cotbeta = -0.476825
pix[0].adc = 35428, pix.x = 20, pix.y = 177, irow = 1, icol = 0
pix[1].adc = 5857, pix.x = 19, pix.y = 178, irow = 0, icol = 1
pix[2].adc = 13423, pix.x = 20, pix.y = 178, irow = 1, icol = 1
trk_lp_x = -0.606224, trk_lp_y = -0.461575
0 0 0 0 0 0 0 0 0 0 0 0 0 0 0 0 0 0 0 0 0
0 0 0 0 0 0 0 0 0 0 0 0 0 0 0 0 0 0 0 0 0
0 0 0 0 0 0 0 0 0 0 0 0 0 0 0 0 0 0 0 0 0
0 0 0 0 0 0 0 0 0 0 0 0 0 0 0 0 0 0 0 0 0
0 0 0 0 0 0 0 0 0 0 0 0 0 0 0 0 0 0 0 0 0
0 0 0 0 0 0 0 0 0 0 5857 0 0 0 0 0 0 0 0 0 0
0 0 0 0 0 0 0 0 0 35428 13423 0 0 0 0 0 0 0 0 0 0
0 0 0 0 0 0 0 0 0 0 0 0 0 0 0 0 0 0 0 0 0
0 0 0 0 0 0 0 0 0 0 0 0 0 0 0 0 0 0 0 0 0
0 0 0 0 0 0 0 0 0 0 0 0 0 0 0 0 0 0 0 0 0
0 0 0 0 0 0 0 0 0 0 0 0 0 0 0 0 0 0 0 0 0
0 0 0 0 0 0 0 0 0 0 0 0 0 0 0 0 0 0 0 0 0
0 0 0 0 0 0 0 0 0 0 0 0 0 0 0 0 0 0 0 0 0
Generic position: 89.997053
 1dcnn position: 24.498701
 simhit_x = 113.319159 86.998940 -9983850.097656 -9983850.097656 -9983850.097656 -9983850.097656 -9983850.097656 -9983850.097656 -9983850.097656 -9983850.097656
mid_x = 0, mid_y = 0
cotalpha = 0.352525, cotbeta = -0.476830
pix[0].adc = 5481, pix.x = 9, pix.y = 299, irow = 0, icol = 0
pix[1].adc = 3235, pix.x = 10, pix.y = 299, irow = 1, icol = 0
pix[2].adc = 18749, pix.x = 9, pix.y = 300, irow = 0, icol = 1
trk_lp_x = -0.711303, trk_lp_y = 1.429739
0 0 0 0 0 0 0 0 0 0 0 0 0 0 0 0 0 0 0 0 0
0 0 0 0 0 0 0 0 0 0 0 0 0 0 0 0 0 0 0 0 0
0 0 0 0 0 0 0 0 0 0 0 0 0 0 0 0 0 0 0 0 0
0 0 0 0 0 0 0 0 0 0 0 0 0 0 0 0 0 0 0 0 0
0 0 0 0 0 0 0 0 0 0 0 0 0 0 0 0 0 0 0 0 0
0 0 0 0 0 0 0 0 0 0 0 0 0 0 0 0 0 0 0 0 0
0 0 0 0 0 0 0 0 0 0 5481 18749 0 0 0 0 0 0 0 0 0
0 0 0 0 0 0 0 0 0 0 3235 0 0 0 0 0 0 0 0 0 0
0 0 0 0 0 0 0 0 0 0 0 0 0 0 0 0 0 0 0 0 0
0 0 0 0 0 0 0 0 0 0 0 0 0 0 0 0 0 0 0 0 0
0 0 0 0 0 0 0 0 0 0 0 0 0 0 0 0 0 0 0 0 0
0 0 0 0 0 0 0 0 0 0 0 0 0 0 0 0 0 0 0 0 0
0 0 0 0 0 0 0 0 0 0 0 0 0 0 0 0 0 0 0 0 0
Generic position: 33.556819
 1dcnn position: -27.961731
 simhit_x = 36.381483 -9982849.731445 -9982849.731445 -9982849.731445 -9982849.731445 -9982849.731445 -9982849.731445 -9982849.731445 -9982849.731445 -9982849.731445
Begin processing the 11th record. Run 1, Event 11, LumiSection 1 on stream 0 at 21-Jul-2021 23:59:46.050 CDT
mid_x = 1, mid_y = 1
cotalpha = 0.332010, cotbeta = -0.547179
pix[0].adc = 1914, pix.x = 83, pix.y = 332, irow = 1, icol = 0
pix[1].adc = 21633, pix.x = 82, pix.y = 333, irow = 0, icol = 1
pix[2].adc = 3073, pix.x = 83, pix.y = 333, irow = 1, icol = 1
trk_lp_x = 0.038659, trk_lp_y = 1.957933
0 0 0 0 0 0 0 0 0 0 0 0 0 0 0 0 0 0 0 0 0
0 0 0 0 0 0 0 0 0 0 0 0 0 0 0 0 0 0 0 0 0
0 0 0 0 0 0 0 0 0 0 0 0 0 0 0 0 0 0 0 0 0
0 0 0 0 0 0 0 0 0 0 0 0 0 0 0 0 0 0 0 0 0
0 0 0 0 0 0 0 0 0 0 0 0 0 0 0 0 0 0 0 0 0
0 0 0 0 0 0 0 0 0 0 21633 0 0 0 0 0 0 0 0 0 0
0 0 0 0 0 0 0 0 0 1914 3073 0 0 0 0 0 0 0 0 0 0
0 0 0 0 0 0 0 0 0 0 0 0 0 0 0 0 0 0 0 0 0
0 0 0 0 0 0 0 0 0 0 0 0 0 0 0 0 0 0 0 0 0
0 0 0 0 0 0 0 0 0 0 0 0 0 0 0 0 0 0 0 0 0
0 0 0 0 0 0 0 0 0 0 0 0 0 0 0 0 0 0 0 0 0
0 0 0 0 0 0 0 0 0 0 0 0 0 0 0 0 0 0 0 0 0
0 0 0 0 0 0 0 0 0 0 0 0 0 0 0 0 0 0 0 0 0
Generic position: 41.369423
 1dcnn position: -17.437041
 simhit_x = 37.450492 -9990349.731445 -9990349.731445 -9990349.731445 -9990349.731445 -9990349.731445 -9990349.731445 -9990349.731445 -9990349.731445 -9990349.731445
mid_x = 1, mid_y = 1
cotalpha = 0.355221, cotbeta = -0.293980
pix[0].adc = 3492, pix.x = 34, pix.y = 118, irow = 1, icol = 0
pix[1].adc = 11052, pix.x = 33, pix.y = 119, irow = 0, icol = 1
pix[2].adc = 13440, pix.x = 34, pix.y = 119, irow = 1, icol = 1
trk_lp_x = -0.468028, trk_lp_y = -1.374848
0 0 0 0 0 0 0 0 0 0 0 0 0 0 0 0 0 0 0 0 0
0 0 0 0 0 0 0 0 0 0 0 0 0 0 0 0 0 0 0 0 0
0 0 0 0 0 0 0 0 0 0 0 0 0 0 0 0 0 0 0 0 0
0 0 0 0 0 0 0 0 0 0 0 0 0 0 0 0 0 0 0 0 0
0 0 0 0 0 0 0 0 0 0 0 0 0 0 0 0 0 0 0 0 0
0 0 0 0 0 0 0 0 0 0 11052 0 0 0 0 0 0 0 0 0 0
0 0 0 0 0 0 0 0 0 3492 13440 0 0 0 0 0 0 0 0 0 0
0 0 0 0 0 0 0 0 0 0 0 0 0 0 0 0 0 0 0 0 0
0 0 0 0 0 0 0 0 0 0 0 0 0 0 0 0 0 0 0 0 0
0 0 0 0 0 0 0 0 0 0 0 0 0 0 0 0 0 0 0 0 0
0 0 0 0 0 0 0 0 0 0 0 0 0 0 0 0 0 0 0 0 0
0 0 0 0 0 0 0 0 0 0 0 0 0 0 0 0 0 0 0 0 0
0 0 0 0 0 0 0 0 0 0 0 0 0 0 0 0 0 0 0 0 0
Generic position: 64.782202
 1dcnn position: 6.595850
 simhit_x = 70.019364 -9985250.244141 -9985250.244141 -9985250.244141 -9985250.244141 -9985250.244141 -9985250.244141 -9985250.244141 -9985250.244141 -9985250.244141
Begin processing the 12th record. Run 1, Event 12, LumiSection 1 on stream 0 at 21-Jul-2021 23:59:46.092 CDT
mid_x = 0, mid_y = 0
cotalpha = 0.119246, cotbeta = -0.698793
pix[0].adc = 3270, pix.x = 52, pix.y = 271, irow = 0, icol = 0
pix[1].adc = 17535, pix.x = 53, pix.y = 271, irow = 1, icol = 0
pix[2].adc = 15200, pix.x = 52, pix.y = 272, irow = 0, icol = 1
trk_lp_x = -0.283663, trk_lp_y = 1.004139
0 0 0 0 0 0 0 0 0 0 0 0 0 0 0 0 0 0 0 0 0
0 0 0 0 0 0 0 0 0 0 0 0 0 0 0 0 0 0 0 0 0
0 0 0 0 0 0 0 0 0 0 0 0 0 0 0 0 0 0 0 0 0
0 0 0 0 0 0 0 0 0 0 0 0 0 0 0 0 0 0 0 0 0
0 0 0 0 0 0 0 0 0 0 0 0 0 0 0 0 0 0 0 0 0
0 0 0 0 0 0 0 0 0 0 0 0 0 0 0 0 0 0 0 0 0
0 0 0 0 0 0 0 0 0 0 3270 15200 0 0 0 0 0 0 0 0 0
0 0 0 0 0 0 0 0 0 0 17535 0 0 0 0 0 0 0 0 0 0
0 0 0 0 0 0 0 0 0 0 0 0 0 0 0 0 0 0 0 0 0
0 0 0 0 0 0 0 0 0 0 0 0 0 0 0 0 0 0 0 0 0
0 0 0 0 0 0 0 0 0 0 0 0 0 0 0 0 0 0 0 0 0
0 0 0 0 0 0 0 0 0 0 0 0 0 0 0 0 0 0 0 0 0
0 0 0 0 0 0 0 0 0 0 0 0 0 0 0 0 0 0 0 0 0
Generic position: 13.400614
 1dcnn position: -5.691051
 simhit_x = 20.043850 -9987150.268555 -9987150.268555 -9987150.268555 -9987150.268555 -9987150.268555 -9987150.268555 -9987150.268555 -9987150.268555 -9987150.268555
mid_x = 0, mid_y = 0
cotalpha = 0.045681, cotbeta = -0.695482
pix[0].adc = 4157, pix.x = 114, pix.y = 269, irow = 0, icol = 0
pix[1].adc = 21171, pix.x = 115, pix.y = 269, irow = 1, icol = 0
pix[2].adc = 4298, pix.x = 114, pix.y = 270, irow = 0, icol = 1
trk_lp_x = 0.357507, trk_lp_y = 0.969839
0 0 0 0 0 0 0 0 0 0 0 0 0 0 0 0 0 0 0 0 0
0 0 0 0 0 0 0 0 0 0 0 0 0 0 0 0 0 0 0 0 0
0 0 0 0 0 0 0 0 0 0 0 0 0 0 0 0 0 0 0 0 0
0 0 0 0 0 0 0 0 0 0 0 0 0 0 0 0 0 0 0 0 0
0 0 0 0 0 0 0 0 0 0 0 0 0 0 0 0 0 0 0 0 0
0 0 0 0 0 0 0 0 0 0 0 0 0 0 0 0 0 0 0 0 0
0 0 0 0 0 0 0 0 0 0 4157 4298 0 0 0 0 0 0 0 0 0
0 0 0 0 0 0 0 0 0 0 21171 0 0 0 0 0 0 0 0 0 0
0 0 0 0 0 0 0 0 0 0 0 0 0 0 0 0 0 0 0 0 0
0 0 0 0 0 0 0 0 0 0 0 0 0 0 0 0 0 0 0 0 0
0 0 0 0 0 0 0 0 0 0 0 0 0 0 0 0 0 0 0 0 0
0 0 0 0 0 0 0 0 0 0 0 0 0 0 0 0 0 0 0 0 0
0 0 0 0 0 0 0 0 0 0 0 0 0 0 0 0 0 0 0 0 0
Generic position: 25.620461
 1dcnn position: 17.845333
 simhit_x = 21.831691 -9993549.804688 -9993549.804688 -9993549.804688 -9993549.804688 -9993549.804688 -9993549.804688 -9993549.804688 -9993549.804688 -9993549.804688
Begin processing the 13th record. Run 1, Event 13, LumiSection 1 on stream 0 at 21-Jul-2021 23:59:46.142 CDT
Begin processing the 14th record. Run 1, Event 14, LumiSection 1 on stream 0 at 21-Jul-2021 23:59:46.190 CDT
Begin processing the 15th record. Run 1, Event 15, LumiSection 1 on stream 0 at 21-Jul-2021 23:59:46.236 CDT
mid_x = 1, mid_y = 1
cotalpha = 0.316278, cotbeta = -0.505814
pix[0].adc = 13554, pix.x = 149, pix.y = 254, irow = 1, icol = 0
pix[1].adc = 3842, pix.x = 148, pix.y = 255, irow = 0, icol = 1
pix[2].adc = 17973, pix.x = 149, pix.y = 255, irow = 1, icol = 1
trk_lp_x = 0.703093, trk_lp_y = 0.723562
0 0 0 0 0 0 0 0 0 0 0 0 0 0 0 0 0 0 0 0 0
0 0 0 0 0 0 0 0 0 0 0 0 0 0 0 0 0 0 0 0 0
0 0 0 0 0 0 0 0 0 0 0 0 0 0 0 0 0 0 0 0 0
0 0 0 0 0 0 0 0 0 0 0 0 0 0 0 0 0 0 0 0 0
0 0 0 0 0 0 0 0 0 0 0 0 0 0 0 0 0 0 0 0 0
0 0 0 0 0 0 0 0 0 0 3842 0 0 0 0 0 0 0 0 0 0
0 0 0 0 0 0 0 0 0 13554 17973 0 0 0 0 0 0 0 0 0 0
0 0 0 0 0 0 0 0 0 0 0 0 0 0 0 0 0 0 0 0 0
0 0 0 0 0 0 0 0 0 0 0 0 0 0 0 0 0 0 0 0 0
0 0 0 0 0 0 0 0 0 0 0 0 0 0 0 0 0 0 0 0 0
0 0 0 0 0 0 0 0 0 0 0 0 0 0 0 0 0 0 0 0 0
0 0 0 0 0 0 0 0 0 0 0 0 0 0 0 0 0 0 0 0 0
0 0 0 0 0 0 0 0 0 0 0 0 0 0 0 0 0 0 0 0 0
Generic position: 88.684559
 1dcnn position: 28.100014
 simhit_x = 80.063343 -9996950.073242 -9996950.073242 -9996950.073242 -9996950.073242 -9996950.073242 -9996950.073242 -9996950.073242 -9996950.073242 -9996950.073242
mid_x = 1, mid_y = 1
cotalpha = 0.344345, cotbeta = -0.259971
pix[0].adc = 7899, pix.x = 92, pix.y = 36, irow = 1, icol = 0
pix[1].adc = 15147, pix.x = 91, pix.y = 37, irow = 0, icol = 1
pix[2].adc = 2000, pix.x = 92, pix.y = 37, irow = 1, icol = 1
trk_lp_x = 0.130198, trk_lp_y = -2.667060
0 0 0 0 0 0 0 0 0 0 0 0 0 0 0 0 0 0 0 0 0
0 0 0 0 0 0 0 0 0 0 0 0 0 0 0 0 0 0 0 0 0
0 0 0 0 0 0 0 0 0 0 0 0 0 0 0 0 0 0 0 0 0
0 0 0 0 0 0 0 0 0 0 0 0 0 0 0 0 0 0 0 0 0
0 0 0 0 0 0 0 0 0 0 0 0 0 0 0 0 0 0 0 0 0
0 0 0 0 0 0 0 0 0 0 15147 0 0 0 0 0 0 0 0 0 0
0 0 0 0 0 0 0 0 0 7899 2000 0 0 0 0 0 0 0 0 0 0
0 0 0 0 0 0 0 0 0 0 0 0 0 0 0 0 0 0 0 0 0
0 0 0 0 0 0 0 0 0 0 0 0 0 0 0 0 0 0 0 0 0
0 0 0 0 0 0 0 0 0 0 0 0 0 0 0 0 0 0 0 0 0
0 0 0 0 0 0 0 0 0 0 0 0 0 0 0 0 0 0 0 0 0
0 0 0 0 0 0 0 0 0 0 0 0 0 0 0 0 0 0 0 0 0
0 0 0 0 0 0 0 0 0 0 0 0 0 0 0 0 0 0 0 0 0
Generic position: 45.601130
 1dcnn position: -1.916215
 simhit_x = 49.605668 -9991250.000000 -9991250.000000 -9991250.000000 -9991250.000000 -9991250.000000 -9991250.000000 -9991250.000000 -9991250.000000 -9991250.000000
mid_x = 0, mid_y = 0
cotalpha = -0.406998, cotbeta = 0.435732
pix[0].adc = 5278, pix.x = 31, pix.y = 158, irow = 0, icol = 0
pix[1].adc = 20944, pix.x = 32, pix.y = 158, irow = 1, icol = 0
pix[2].adc = 10711, pix.x = 31, pix.y = 159, irow = 0, icol = 1
trk_lp_x = -0.489993, trk_lp_y = -0.755872
0 0 0 0 0 0 0 0 0 0 0 0 0 0 0 0 0 0 0 0 0
0 0 0 0 0 0 0 0 0 0 0 0 0 0 0 0 0 0 0 0 0
0 0 0 0 0 0 0 0 0 0 0 0 0 0 0 0 0 0 0 0 0
0 0 0 0 0 0 0 0 0 0 0 0 0 0 0 0 0 0 0 0 0
0 0 0 0 0 0 0 0 0 0 0 0 0 0 0 0 0 0 0 0 0
0 0 0 0 0 0 0 0 0 0 0 0 0 0 0 0 0 0 0 0 0
0 0 0 0 0 0 0 0 0 0 5278 10711 0 0 0 0 0 0 0 0 0
0 0 0 0 0 0 0 0 0 0 20944 0 0 0 0 0 0 0 0 0 0
0 0 0 0 0 0 0 0 0 0 0 0 0 0 0 0 0 0 0 0 0
0 0 0 0 0 0 0 0 0 0 0 0 0 0 0 0 0 0 0 0 0
0 0 0 0 0 0 0 0 0 0 0 0 0 0 0 0 0 0 0 0 0
0 0 0 0 0 0 0 0 0 0 0 0 0 0 0 0 0 0 0 0 0
0 0 0 0 0 0 0 0 0 0 0 0 0 0 0 0 0 0 0 0 0
Generic position: 45.636594
 1dcnn position: -0.331104
 simhit_x = 54.192543 -9985050.048828 -9985050.048828 -9985050.048828 -9985050.048828 -9985050.048828 -9985050.048828 -9985050.048828 -9985050.048828 -9985050.048828
mid_x = 0, mid_y = 0
cotalpha = -0.406950, cotbeta = 0.435728
pix[0].adc = 2386, pix.x = 15, pix.y = 267, irow = 0, icol = 0
pix[1].adc = 27459, pix.x = 16, pix.y = 267, irow = 1, icol = 0
pix[2].adc = 4661, pix.x = 15, pix.y = 268, irow = 0, icol = 1
trk_lp_x = -0.647811, trk_lp_y = 0.937719
0 0 0 0 0 0 0 0 0 0 0 0 0 0 0 0 0 0 0 0 0
0 0 0 0 0 0 0 0 0 0 0 0 0 0 0 0 0 0 0 0 0
0 0 0 0 0 0 0 0 0 0 0 0 0 0 0 0 0 0 0 0 0
0 0 0 0 0 0 0 0 0 0 0 0 0 0 0 0 0 0 0 0 0
0 0 0 0 0 0 0 0 0 0 0 0 0 0 0 0 0 0 0 0 0
0 0 0 0 0 0 0 0 0 0 0 0 0 0 0 0 0 0 0 0 0
0 0 0 0 0 0 0 0 0 0 2386 4661 0 0 0 0 0 0 0 0 0
0 0 0 0 0 0 0 0 0 0 27459 0 0 0 0 0 0 0 0 0 0
0 0 0 0 0 0 0 0 0 0 0 0 0 0 0 0 0 0 0 0 0
0 0 0 0 0 0 0 0 0 0 0 0 0 0 0 0 0 0 0 0 0
0 0 0 0 0 0 0 0 0 0 0 0 0 0 0 0 0 0 0 0 0
0 0 0 0 0 0 0 0 0 0 0 0 0 0 0 0 0 0 0 0 0
0 0 0 0 0 0 0 0 0 0 0 0 0 0 0 0 0 0 0 0 0
Generic position: 63.174963
 1dcnn position: 7.137656
 simhit_x = 72.842240 -9983449.707031 -9983449.707031 -9983449.707031 -9983449.707031 -9983449.707031 -9983449.707031 -9983449.707031 -9983449.707031 -9983449.707031
Begin processing the 16th record. Run 1, Event 16, LumiSection 1 on stream 0 at 21-Jul-2021 23:59:46.278 CDT
mid_x = 0, mid_y = 1
cotalpha = 0.061603, cotbeta = -1.634425
pix[0].adc = 4228, pix.x = 101, pix.y = 21, irow = 0, icol = 0
pix[1].adc = 5760, pix.x = 102, pix.y = 21, irow = 1, icol = 0
pix[2].adc = 9851, pix.x = 101, pix.y = 22, irow = 0, icol = 1
pix[3].adc = 9423, pix.x = 101, pix.y = 23, irow = 0, icol = 2
pix[4].adc = 7323, pix.x = 101, pix.y = 24, irow = 0, icol = 3
trk_lp_x = 0.223653, trk_lp_y = -2.880696
0 0 0 0 0 0 0 0 0 0 0 0 0 0 0 0 0 0 0 0 0
0 0 0 0 0 0 0 0 0 0 0 0 0 0 0 0 0 0 0 0 0
0 0 0 0 0 0 0 0 0 0 0 0 0 0 0 0 0 0 0 0 0
0 0 0 0 0 0 0 0 0 0 0 0 0 0 0 0 0 0 0 0 0
0 0 0 0 0 0 0 0 0 0 0 0 0 0 0 0 0 0 0 0 0
0 0 0 0 0 0 0 0 0 0 0 0 0 0 0 0 0 0 0 0 0
0 0 0 0 0 0 0 0 0 4228 9851 9423 7323 0 0 0 0 0 0 0 0
0 0 0 0 0 0 0 0 0 5760 0 0 0 0 0 0 0 0 0 0 0
0 0 0 0 0 0 0 0 0 0 0 0 0 0 0 0 0 0 0 0 0
0 0 0 0 0 0 0 0 0 0 0 0 0 0 0 0 0 0 0 0 0
0 0 0 0 0 0 0 0 0 0 0 0 0 0 0 0 0 0 0 0 0
0 0 0 0 0 0 0 0 0 0 0 0 0 0 0 0 0 0 0 0 0
0 0 0 0 0 0 0 0 0 0 0 0 0 0 0 0 0 0 0 0 0
Generic position: -15.498698
 1dcnn position: -38.084686
 simhit_x = -17.415285 -9992249.755859 -9992249.755859 -9992249.755859 -9992249.755859 -9992249.755859 -9992249.755859 -9992249.755859 -9992249.755859 -9992249.755859
Begin processing the 17th record. Run 1, Event 17, LumiSection 1 on stream 0 at 21-Jul-2021 23:59:46.319 CDT
mid_x = 1, mid_y = 4
cotalpha = 0.287242, cotbeta = 4.376587
pix[0].adc = 6713, pix.x = 0, pix.y = 327, irow = 0, icol = 0
pix[1].adc = 7938, pix.x = 1, pix.y = 327, irow = 1, icol = 0
pix[2].adc = 20045, pix.x = 1, pix.y = 328, irow = 1, icol = 1
pix[3].adc = 10427, pix.x = 1, pix.y = 329, irow = 1, icol = 2
pix[4].adc = 34689, pix.x = 1, pix.y = 330, irow = 1, icol = 3
pix[5].adc = 17480, pix.x = 1, pix.y = 331, irow = 1, icol = 4
pix[6].adc = 15085, pix.x = 1, pix.y = 332, irow = 1, icol = 5
pix[7].adc = 10026, pix.x = 2, pix.y = 333, irow = 2, icol = 6
pix[8].adc = 9111, pix.x = 2, pix.y = 334, irow = 2, icol = 7
pix[9].adc = 5349, pix.x = 2, pix.y = 335, irow = 2, icol = 8
trk_lp_x = -0.797233, trk_lp_y = 1.922391
0 0 0 0 0 0 0 0 0 0 0 0 0 0 0 0 0 0 0 0 0
0 0 0 0 0 0 0 0 0 0 0 0 0 0 0 0 0 0 0 0 0
0 0 0 0 0 0 0 0 0 0 0 0 0 0 0 0 0 0 0 0 0
0 0 0 0 0 0 0 0 0 0 0 0 0 0 0 0 0 0 0 0 0
0 0 0 0 0 0 0 0 0 0 0 0 0 0 0 0 0 0 0 0 0
0 0 0 0 0 0 6713 0 0 0 0 0 0 0 0 0 0 0 0 0 0
0 0 0 0 0 0 7938 20045 10427 34689 17480 15085 0 0 0 0 0 0 0 0 0
0 0 0 0 0 0 0 0 0 0 0 0 10026 9111 5349 0 0 0 0 0 0
0 0 0 0 0 0 0 0 0 0 0 0 0 0 0 0 0 0 0 0 0
0 0 0 0 0 0 0 0 0 0 0 0 0 0 0 0 0 0 0 0 0
0 0 0 0 0 0 0 0 0 0 0 0 0 0 0 0 0 0 0 0 0
0 0 0 0 0 0 0 0 0 0 0 0 0 0 0 0 0 0 0 0 0
0 0 0 0 0 0 0 0 0 0 0 0 0 0 0 0 0 0 0 0 0
Generic position: 93.182921
 1dcnn position: 70.053935
 simhit_x = 82.388520 -9981950.073242 -9981950.073242 -9981950.073242 -9981950.073242 -9981950.073242 -9981950.073242 -9981950.073242 -9981950.073242 -9981950.073242
mid_x = 0, mid_y = 4
cotalpha = -0.248777, cotbeta = -4.334707
pix[0].adc = 13258, pix.x = 0, pix.y = 187, irow = 0, icol = 0
pix[1].adc = 14340, pix.x = 0, pix.y = 188, irow = 0, icol = 1
pix[2].adc = 29171, pix.x = 0, pix.y = 189, irow = 0, icol = 2
pix[3].adc = 8400, pix.x = 0, pix.y = 190, irow = 0, icol = 3
pix[4].adc = 10290, pix.x = 0, pix.y = 191, irow = 0, icol = 4
pix[5].adc = 37661, pix.x = 0, pix.y = 192, irow = 0, icol = 5
pix[6].adc = 7162, pix.x = 1, pix.y = 192, irow = 1, icol = 5
pix[7].adc = 11630, pix.x = 0, pix.y = 193, irow = 0, icol = 6
pix[8].adc = 12478, pix.x = 0, pix.y = 194, irow = 0, icol = 7
trk_lp_x = -0.804753, trk_lp_y = -0.269285
0 0 0 0 0 0 0 0 0 0 0 0 0 0 0 0 0 0 0 0 0
0 0 0 0 0 0 0 0 0 0 0 0 0 0 0 0 0 0 0 0 0
0 0 0 0 0 0 0 0 0 0 0 0 0 0 0 0 0 0 0 0 0
0 0 0 0 0 0 0 0 0 0 0 0 0 0 0 0 0 0 0 0 0
0 0 0 0 0 0 0 0 0 0 0 0 0 0 0 0 0 0 0 0 0
0 0 0 0 0 0 0 0 0 0 0 0 0 0 0 0 0 0 0 0 0
0 0 0 0 0 0 13258 14340 29171 8400 10290 37661 11630 12478 0 0 0 0 0 0 0
0 0 0 0 0 0 0 0 0 0 0 7162 0 0 0 0 0 0 0 0 0
0 0 0 0 0 0 0 0 0 0 0 0 0 0 0 0 0 0 0 0 0
0 0 0 0 0 0 0 0 0 0 0 0 0 0 0 0 0 0 0 0 0
0 0 0 0 0 0 0 0 0 0 0 0 0 0 0 0 0 0 0 0 0
0 0 0 0 0 0 0 0 0 0 0 0 0 0 0 0 0 0 0 0 0
0 0 0 0 0 0 0 0 0 0 0 0 0 0 0 0 0 0 0 0 0
Generic position: 14.567375
 1dcnn position: -25.031567
 simhit_x = -1.986623 23.950934 -9981950.073242 -9981950.073242 -9981950.073242 -9981950.073242 -9981950.073242 -9981950.073242 -9981950.073242 -9981950.073242
mid_x = 0, mid_y = 3
cotalpha = -0.093594, cotbeta = -4.224866
pix[0].adc = 6479, pix.x = 14, pix.y = 3, irow = 0, icol = 0
pix[1].adc = 5459, pix.x = 15, pix.y = 3, irow = 1, icol = 0
pix[2].adc = 12971, pix.x = 14, pix.y = 4, irow = 0, icol = 1
pix[3].adc = 17888, pix.x = 14, pix.y = 5, irow = 0, icol = 2
pix[4].adc = 12061, pix.x = 14, pix.y = 6, irow = 0, icol = 3
pix[5].adc = 20450, pix.x = 14, pix.y = 7, irow = 0, icol = 4
pix[6].adc = 12531, pix.x = 14, pix.y = 8, irow = 0, icol = 5
pix[7].adc = 16008, pix.x = 14, pix.y = 9, irow = 0, icol = 6
pix[8].adc = 15173, pix.x = 14, pix.y = 10, irow = 0, icol = 7
trk_lp_x = -0.666722, trk_lp_y = -3.116777
0 0 0 0 0 0 0 0 0 0 0 0 0 0 0 0 0 0 0 0 0
0 0 0 0 0 0 0 0 0 0 0 0 0 0 0 0 0 0 0 0 0
0 0 0 0 0 0 0 0 0 0 0 0 0 0 0 0 0 0 0 0 0
0 0 0 0 0 0 0 0 0 0 0 0 0 0 0 0 0 0 0 0 0
0 0 0 0 0 0 0 0 0 0 0 0 0 0 0 0 0 0 0 0 0
0 0 0 0 0 0 0 0 0 0 0 0 0 0 0 0 0 0 0 0 0
0 0 0 0 0 0 0 6479 12971 17888 12061 20450 12531 16008 15173 0 0 0 0 0 0
0 0 0 0 0 0 0 5459 0 0 0 0 0 0 0 0 0 0 0 0 0
0 0 0 0 0 0 0 0 0 0 0 0 0 0 0 0 0 0 0 0 0
0 0 0 0 0 0 0 0 0 0 0 0 0 0 0 0 0 0 0 0 0
0 0 0 0 0 0 0 0 0 0 0 0 0 0 0 0 0 0 0 0 0
0 0 0 0 0 0 0 0 0 0 0 0 0 0 0 0 0 0 0 0 0
0 0 0 0 0 0 0 0 0 0 0 0 0 0 0 0 0 0 0 0 0
Generic position: -18.255115
 1dcnn position: -38.418770
 simhit_x = -19.025207 -9983350.219727 -9983350.219727 -9983350.219727 -9983350.219727 -9983350.219727 -9983350.219727 -9983350.219727 -9983350.219727 -9983350.219727
mid_x = 0, mid_y = 0
cotalpha = 0.355664, cotbeta = -0.545278
pix[0].adc = 5508, pix.x = 1, pix.y = 394, irow = 0, icol = 0
pix[1].adc = 14116, pix.x = 2, pix.y = 394, irow = 1, icol = 0
pix[2].adc = 4088, pix.x = 1, pix.y = 395, irow = 0, icol = 1
trk_lp_x = -0.788204, trk_lp_y = 2.905582
0 0 0 0 0 0 0 0 0 0 0 0 0 0 0 0 0 0 0 0 0
0 0 0 0 0 0 0 0 0 0 0 0 0 0 0 0 0 0 0 0 0
0 0 0 0 0 0 0 0 0 0 0 0 0 0 0 0 0 0 0 0 0
0 0 0 0 0 0 0 0 0 0 0 0 0 0 0 0 0 0 0 0 0
0 0 0 0 0 0 0 0 0 0 0 0 0 0 0 0 0 0 0 0 0
0 0 0 0 0 0 0 0 0 0 0 0 0 0 0 0 0 0 0 0 0
0 0 0 0 0 0 0 0 0 0 5508 4088 0 0 0 0 0 0 0 0 0
0 0 0 0 0 0 0 0 0 0 14116 0 0 0 0 0 0 0 0 0 0
0 0 0 0 0 0 0 0 0 0 0 0 0 0 0 0 0 0 0 0 0
0 0 0 0 0 0 0 0 0 0 0 0 0 0 0 0 0 0 0 0 0
0 0 0 0 0 0 0 0 0 0 0 0 0 0 0 0 0 0 0 0 0
0 0 0 0 0 0 0 0 0 0 0 0 0 0 0 0 0 0 0 0 0
0 0 0 0 0 0 0 0 0 0 0 0 0 0 0 0 0 0 0 0 0
Generic position: 70.215464
 1dcnn position: 5.287528
 simhit_x = 67.424178 -9982050.170898 -9982050.170898 -9982050.170898 -9982050.170898 -9982050.170898 -9982050.170898 -9982050.170898 -9982050.170898 -9982050.170898
mid_x = 0, mid_y = 0
cotalpha = 0.363684, cotbeta = -0.290121
pix[0].adc = 12517, pix.x = 1, pix.y = 167, irow = 0, icol = 0
pix[1].adc = 2787, pix.x = 2, pix.y = 167, irow = 1, icol = 0
pix[2].adc = 29608, pix.x = 1, pix.y = 168, irow = 0, icol = 1
trk_lp_x = -0.793387, trk_lp_y = -0.613958
0 0 0 0 0 0 0 0 0 0 0 0 0 0 0 0 0 0 0 0 0
0 0 0 0 0 0 0 0 0 0 0 0 0 0 0 0 0 0 0 0 0
0 0 0 0 0 0 0 0 0 0 0 0 0 0 0 0 0 0 0 0 0
0 0 0 0 0 0 0 0 0 0 0 0 0 0 0 0 0 0 0 0 0
0 0 0 0 0 0 0 0 0 0 0 0 0 0 0 0 0 0 0 0 0
0 0 0 0 0 0 0 0 0 0 0 0 0 0 0 0 0 0 0 0 0
0 0 0 0 0 0 0 0 0 0 12517 29608 0 0 0 0 0 0 0 0 0
0 0 0 0 0 0 0 0 0 0 2787 0 0 0 0 0 0 0 0 0 0
0 0 0 0 0 0 0 0 0 0 0 0 0 0 0 0 0 0 0 0 0
0 0 0 0 0 0 0 0 0 0 0 0 0 0 0 0 0 0 0 0 0
0 0 0 0 0 0 0 0 0 0 0 0 0 0 0 0 0 0 0 0 0
0 0 0 0 0 0 0 0 0 0 0 0 0 0 0 0 0 0 0 0 0
0 0 0 0 0 0 0 0 0 0 0 0 0 0 0 0 0 0 0 0 0
Generic position: 14.536381
 1dcnn position: -36.093593
 simhit_x = 13.985038 -9982050.170898 -9982050.170898 -9982050.170898 -9982050.170898 -9982050.170898 -9982050.170898 -9982050.170898 -9982050.170898 -9982050.170898
mid_x = 0, mid_y = 0
cotalpha = -0.361873, cotbeta = 0.216262
pix[0].adc = 9060, pix.x = 156, pix.y = 74, irow = 0, icol = 0
pix[1].adc = 6838, pix.x = 157, pix.y = 74, irow = 1, icol = 0
pix[2].adc = 7674, pix.x = 156, pix.y = 75, irow = 0, icol = 1
trk_lp_x = 0.778136, trk_lp_y = -2.073450
0 0 0 0 0 0 0 0 0 0 0 0 0 0 0 0 0 0 0 0 0
0 0 0 0 0 0 0 0 0 0 0 0 0 0 0 0 0 0 0 0 0
0 0 0 0 0 0 0 0 0 0 0 0 0 0 0 0 0 0 0 0 0
0 0 0 0 0 0 0 0 0 0 0 0 0 0 0 0 0 0 0 0 0
0 0 0 0 0 0 0 0 0 0 0 0 0 0 0 0 0 0 0 0 0
0 0 0 0 0 0 0 0 0 0 0 0 0 0 0 0 0 0 0 0 0
0 0 0 0 0 0 0 0 0 0 9060 7674 0 0 0 0 0 0 0 0 0
0 0 0 0 0 0 0 0 0 0 6838 0 0 0 0 0 0 0 0 0 0
0 0 0 0 0 0 0 0 0 0 0 0 0 0 0 0 0 0 0 0 0
0 0 0 0 0 0 0 0 0 0 0 0 0 0 0 0 0 0 0 0 0
0 0 0 0 0 0 0 0 0 0 0 0 0 0 0 0 0 0 0 0 0
0 0 0 0 0 0 0 0 0 0 0 0 0 0 0 0 0 0 0 0 0
0 0 0 0 0 0 0 0 0 0 0 0 0 0 0 0 0 0 0 0 0
Generic position: 26.586056
 1dcnn position: -8.257627
 simhit_x = 31.459928 -9997750.244141 -9997750.244141 -9997750.244141 -9997750.244141 -9997750.244141 -9997750.244141 -9997750.244141 -9997750.244141 -9997750.244141
Begin processing the 18th record. Run 1, Event 18, LumiSection 1 on stream 0 at 21-Jul-2021 23:59:46.374 CDT
mid_x = 1, mid_y = 1
cotalpha = -0.394484, cotbeta = 0.406112
pix[0].adc = 16856, pix.x = 57, pix.y = 291, irow = 1, icol = 0
pix[1].adc = 1578, pix.x = 56, pix.y = 292, irow = 0, icol = 1
pix[2].adc = 21556, pix.x = 57, pix.y = 292, irow = 1, icol = 1
trk_lp_x = -0.236733, trk_lp_y = 1.303710
0 0 0 0 0 0 0 0 0 0 0 0 0 0 0 0 0 0 0 0 0
0 0 0 0 0 0 0 0 0 0 0 0 0 0 0 0 0 0 0 0 0
0 0 0 0 0 0 0 0 0 0 0 0 0 0 0 0 0 0 0 0 0
0 0 0 0 0 0 0 0 0 0 0 0 0 0 0 0 0 0 0 0 0
0 0 0 0 0 0 0 0 0 0 0 0 0 0 0 0 0 0 0 0 0
0 0 0 0 0 0 0 0 0 0 1578 0 0 0 0 0 0 0 0 0 0
0 0 0 0 0 0 0 0 0 16856 21556 0 0 0 0 0 0 0 0 0 0
0 0 0 0 0 0 0 0 0 0 0 0 0 0 0 0 0 0 0 0 0
0 0 0 0 0 0 0 0 0 0 0 0 0 0 0 0 0 0 0 0 0
0 0 0 0 0 0 0 0 0 0 0 0 0 0 0 0 0 0 0 0 0
0 0 0 0 0 0 0 0 0 0 0 0 0 0 0 0 0 0 0 0 0
0 0 0 0 0 0 0 0 0 0 0 0 0 0 0 0 0 0 0 0 0
0 0 0 0 0 0 0 0 0 0 0 0 0 0 0 0 0 0 0 0 0
Generic position: 93.428642
 1dcnn position: 10.458976
 simhit_x = 84.941387 -9987550.048828 -9987550.048828 -9987550.048828 -9987550.048828 -9987550.048828 -9987550.048828 -9987550.048828 -9987550.048828 -9987550.048828
Begin processing the 19th record. Run 1, Event 19, LumiSection 1 on stream 0 at 21-Jul-2021 23:59:46.425 CDT
mid_x = 1, mid_y = 1
cotalpha = -0.381733, cotbeta = 0.280451
pix[0].adc = 1982, pix.x = 98, pix.y = 25, irow = 1, icol = 0
pix[1].adc = 6465, pix.x = 97, pix.y = 26, irow = 0, icol = 1
pix[2].adc = 16212, pix.x = 98, pix.y = 26, irow = 1, icol = 1
trk_lp_x = 0.193944, trk_lp_y = -2.832810
0 0 0 0 0 0 0 0 0 0 0 0 0 0 0 0 0 0 0 0 0
0 0 0 0 0 0 0 0 0 0 0 0 0 0 0 0 0 0 0 0 0
0 0 0 0 0 0 0 0 0 0 0 0 0 0 0 0 0 0 0 0 0
0 0 0 0 0 0 0 0 0 0 0 0 0 0 0 0 0 0 0 0 0
0 0 0 0 0 0 0 0 0 0 0 0 0 0 0 0 0 0 0 0 0
0 0 0 0 0 0 0 0 0 0 6465 0 0 0 0 0 0 0 0 0 0
0 0 0 0 0 0 0 0 0 1982 16212 0 0 0 0 0 0 0 0 0 0
0 0 0 0 0 0 0 0 0 0 0 0 0 0 0 0 0 0 0 0 0
0 0 0 0 0 0 0 0 0 0 0 0 0 0 0 0 0 0 0 0 0
0 0 0 0 0 0 0 0 0 0 0 0 0 0 0 0 0 0 0 0 0
0 0 0 0 0 0 0 0 0 0 0 0 0 0 0 0 0 0 0 0 0
0 0 0 0 0 0 0 0 0 0 0 0 0 0 0 0 0 0 0 0 0
0 0 0 0 0 0 0 0 0 0 0 0 0 0 0 0 0 0 0 0 0
Generic position: 71.359873
 1dcnn position: 6.460398
 simhit_x = 89.288056 -9991849.975586 -9991849.975586 -9991849.975586 -9991849.975586 -9991849.975586 -9991849.975586 -9991849.975586 -9991849.975586 -9991849.975586
mid_x = 0, mid_y = 0
cotalpha = -0.369142, cotbeta = 0.534601
pix[0].adc = 35575, pix.x = 153, pix.y = 383, irow = 0, icol = 0
pix[1].adc = 9147, pix.x = 154, pix.y = 383, irow = 1, icol = 0
pix[2].adc = 7432, pix.x = 153, pix.y = 384, irow = 0, icol = 1
trk_lp_x = 0.746062, trk_lp_y = 2.740233
0 0 0 0 0 0 0 0 0 0 0 0 0 0 0 0 0 0 0 0 0
0 0 0 0 0 0 0 0 0 0 0 0 0 0 0 0 0 0 0 0 0
0 0 0 0 0 0 0 0 0 0 0 0 0 0 0 0 0 0 0 0 0
0 0 0 0 0 0 0 0 0 0 0 0 0 0 0 0 0 0 0 0 0
0 0 0 0 0 0 0 0 0 0 0 0 0 0 0 0 0 0 0 0 0
0 0 0 0 0 0 0 0 0 0 0 0 0 0 0 0 0 0 0 0 0
0 0 0 0 0 0 0 0 0 0 35575 7432 0 0 0 0 0 0 0 0 0
0 0 0 0 0 0 0 0 0 0 9147 0 0 0 0 0 0 0 0 0 0
0 0 0 0 0 0 0 0 0 0 0 0 0 0 0 0 0 0 0 0 0
0 0 0 0 0 0 0 0 0 0 0 0 0 0 0 0 0 0 0 0 0
0 0 0 0 0 0 0 0 0 0 0 0 0 0 0 0 0 0 0 0 0
0 0 0 0 0 0 0 0 0 0 0 0 0 0 0 0 0 0 0 0 0
0 0 0 0 0 0 0 0 0 0 0 0 0 0 0 0 0 0 0 0 0
Generic position: 17.748475
 1dcnn position: -10.766387
 simhit_x = 10.831952 -9997449.951172 -9997449.951172 -9997449.951172 -9997449.951172 -9997449.951172 -9997449.951172 -9997449.951172 -9997449.951172 -9997449.951172