-999.000000 -0.007664 -999.000000 -999.000000 -999.000000 -999.000000
-999.000000 -0.110813 -999.000000 -999.000000 -999.000000 -999.000000
-999.000000 0.692992 -999.000000 -999.000000 -999.000000 -999.000000
-999.000000 0.507094 -999.000000 -999.000000 -999.000000 -999.000000
0.311681 -999.000000 -999.000000 -999.000000 -999.000000 -999.000000
-0.748469 -999.000000 -999.000000 -999.000000 -999.000000 -999.000000
-999.000000 -0.475392 -999.000000 -999.000000 -999.000000 -999.000000
0.771498 -999.000000 -999.000000 -999.000000 -999.000000 -999.000000
-999.000000 0.795435 -999.000000 -999.000000 -999.000000 -999.000000
-999.000000 -999.000000 0.721600 -999.000000 -999.000000 -999.000000
-999.000000 0.540476 -999.000000 -999.000000 -999.000000 -999.000000
-0.128386 -999.000000 -999.000000 -999.000000 -999.000000 -999.000000
-0.688507 -999.000000 -999.000000 -999.000000 -999.000000 -999.000000
-999.000000 -0.746775 -999.000000 -999.000000 -999.000000 -999.000000
-999.000000 -0.700521 -999.000000 -999.000000 -999.000000 -999.000000
-999.000000 -0.597209 -999.000000 -999.000000 -999.000000 -999.000000
-999.000000 -0.536044 -999.000000 -999.000000 -999.000000 -999.000000
-999.000000 0.007200 -999.000000 -999.000000 -999.000000 -999.000000
0.351550 -999.000000 -999.000000 -999.000000 -999.000000 -999.000000
-999.000000 0.379699 -999.000000 -999.000000 -999.000000 -999.000000
0.411546 -999.000000 -999.000000 -999.000000 -999.000000 -999.000000
0.401545 -999.000000 -999.000000 -999.000000 -999.000000 -999.000000
0.471541 -999.000000 -999.000000 -999.000000 -999.000000 -999.000000
0.741509 -999.000000 -999.000000 -999.000000 -999.000000 -999.000000
-999.000000 0.418051 -999.000000 -999.000000 -999.000000 -999.000000
-0.468452 -999.000000 -999.000000 -999.000000 -999.000000 -999.000000
-999.000000 -0.754374 -999.000000 -999.000000 -999.000000 -999.000000
-0.798543 -999.000000 -999.000000 -999.000000 -999.000000 -999.000000
-999.000000 -0.581890 -999.000000 -999.000000 -999.000000 -999.000000
-999.000000 -0.073211 -999.000000 -999.000000 -999.000000 -999.000000
-999.000000 0.155934 -999.000000 -999.000000 -999.000000 -999.000000
0.081633 -999.000000 -999.000000 -999.000000 -999.000000 -999.000000
-999.000000 0.037121 -999.000000 -999.000000 -999.000000 -999.000000
-999.000000 0.600997 -999.000000 -999.000000 -999.000000 -999.000000
-999.000000 0.707020 -999.000000 -999.000000 -999.000000 -999.000000
0.041653 -999.000000 -999.000000 -999.000000 -999.000000 -999.000000
-999.000000 0.128456 -999.000000 -999.000000 -999.000000 -999.000000
0.531540 -999.000000 -999.000000 -999.000000 -999.000000 -999.000000
-0.158402 -999.000000 -999.000000 -999.000000 -999.000000 -999.000000
-0.278427 -999.000000 -999.000000 -999.000000 -999.000000 -999.000000
-0.488468 -999.000000 -999.000000 -999.000000 -999.000000 -999.000000
-0.658511 -999.000000 -999.000000 -999.000000 -999.000000 -999.000000
-0.708536 -999.000000 -999.000000 -999.000000 -999.000000 -999.000000
0.161720 -999.000000 -999.000000 -999.000000 -999.000000 -999.000000
-0.208417 -999.000000 -999.000000 -999.000000 -999.000000 -999.000000
-0.258442 -999.000000 -999.000000 -999.000000 -999.000000 -999.000000
-0.438476 -999.000000 -999.000000 -999.000000 -999.000000 -999.000000
-999.000000 -0.621002 -999.000000 -999.000000 -999.000000 -999.000000
-999.000000 -0.354265 -999.000000 -999.000000 -999.000000 -999.000000
-0.278109 -999.000000 -999.000000 -999.000000 -999.000000 -999.000000
-999.000000 -0.150025 -999.000000 -999.000000 -999.000000 -999.000000
-999.000000 -0.030589 -999.000000 -999.000000 -999.000000 -999.000000
-0.118350 -999.000000 -999.000000 -999.000000 -999.000000 -999.000000
-999.000000 0.224045 -999.000000 -999.000000 -999.000000 -999.000000
0.731515 -999.000000 -999.000000 -999.000000 -999.000000 -999.000000
0.802465 -999.000000 -999.000000 -999.000000 -999.000000 -999.000000
0.371519 -999.000000 -999.000000 -999.000000 -999.000000 -999.000000
-999.000000 -0.359729 -999.000000 -999.000000 -999.000000 -999.000000
-0.718484 -999.000000 -999.000000 -999.000000 -999.000000 -999.000000
0.211602 -999.000000 -999.000000 -999.000000 -999.000000 -999.000000
-999.000000 0.545572 -999.000000 -999.000000 -999.000000 -999.000000
-999.000000 -999.000000 -0.498018 -999.000000 -999.000000 -999.000000
-999.000000 -0.027775 -999.000000 -999.000000 -999.000000 -999.000000
-999.000000 0.339375 -999.000000 -999.000000 -999.000000 -999.000000
0.091687 -999.000000 -999.000000 -999.000000 -999.000000 -999.000000
0.031618 -999.000000 -999.000000 -999.000000 -999.000000 -999.000000
-0.218419 -999.000000 -999.000000 -999.000000 -999.000000 -999.000000
-0.448460 -999.000000 -999.000000 -999.000000 -999.000000 -999.000000
-0.548472 -999.000000 -999.000000 -999.000000 -999.000000 -999.000000
-0.628475 -999.000000 -999.000000 -999.000000 -999.000000 -999.000000
-0.558476 -999.000000 -999.000000 -999.000000 -999.000000 -999.000000
-0.678493 -999.000000 -999.000000 -999.000000 -999.000000 -999.000000
-0.807532 -999.000000 -999.000000 -999.000000 -999.000000 -999.000000
-999.000000 -0.451055 -999.000000 -999.000000 -999.000000 -999.000000
-999.000000 -0.279824 -999.000000 -999.000000 -999.000000 -999.000000
-999.000000 -999.000000 0.691070 -999.000000 -999.000000 -999.000000
0.091674 -999.000000 -999.000000 -999.000000 -999.000000 -999.000000
0.051628 -999.000000 -999.000000 -999.000000 -999.000000 -999.000000
0.191950 -999.000000 -999.000000 -999.000000 -999.000000 -999.000000
-999.000000 -0.542189 -999.000000 -999.000000 -999.000000 -999.000000
-0.738529 -999.000000 -999.000000 -999.000000 -999.000000 -999.000000
-0.598482 -999.000000 -999.000000 -999.000000 -999.000000 -999.000000
-999.000000 -0.652550 -999.000000 -999.000000 -999.000000 -999.000000
-999.000000 -999.000000 -999.000000 -999.000000 -999.000000 -999.000000
-999.000000 0.548581 -999.000000 -999.000000 -999.000000 -999.000000
-999.000000 -0.100183 -999.000000 -999.000000 -999.000000 -999.000000
0.711504 -999.000000 -999.000000 -999.000000 -999.000000 -999.000000
-999.000000 0.587446 -999.000000 -999.000000 -999.000000 -999.000000
-999.000000 0.293733 -999.000000 -999.000000 -999.000000 -999.000000
-999.000000 0.469006 -999.000000 -999.000000 -999.000000 -999.000000
0.041624 -999.000000 -999.000000 -999.000000 -999.000000 -999.000000
-999.000000 -0.234265 -999.000000 -999.000000 -999.000000 -999.000000
-999.000000 -999.000000 -0.619518 -999.000000 -999.000000 -999.000000
-999.000000 0.577562 -999.000000 -999.000000 -999.000000 -999.000000
-999.000000 -0.135636 -999.000000 -999.000000 -999.000000 -999.000000
-999.000000 -0.770639 -999.000000 -999.000000 -999.000000 -999.000000
-999.000000 -0.302619 -999.000000 -999.000000 -999.000000 -999.000000
0.006877 -999.000000 -999.000000 -999.000000 -999.000000 -999.000000
-999.000000 0.295605 -999.000000 -999.000000 -999.000000 -999.000000
0.291533 -999.000000 -999.000000 -999.000000 -999.000000 -999.000000
-999.000000 -0.352546 -999.000000 -999.000000 -999.000000 -999.000000
-999.000000 -0.342238 -999.000000 -999.000000 -999.000000 -999.000000
0.431568 -999.000000 -999.000000 -999.000000 -999.000000 -999.000000
-999.000000 -999.000000 -0.217848 -999.000000 -999.000000 -999.000000
-999.000000 -0.201614 -999.000000 -999.000000 -999.000000 -999.000000
-999.000000 -0.660033 -999.000000 -999.000000 -999.000000 -999.000000
-999.000000 -999.000000 -0.658903 -999.000000 -999.000000 -999.000000
-999.000000 0.249007 -999.000000 -999.000000 -999.000000 -999.000000
0.761513 -999.000000 -999.000000 -999.000000 -999.000000 -999.000000
-999.000000 0.578435 -999.000000 -999.000000 -999.000000 -999.000000
0.481555 -999.000000 -999.000000 -999.000000 -999.000000 -999.000000
-999.000000 -0.085526 -999.000000 -999.000000 -999.000000 -999.000000
-0.738477 -999.000000 -999.000000 -999.000000 -999.000000 -999.000000
-999.000000 -0.223907 -999.000000 -999.000000 -999.000000 -999.000000
-999.000000 0.197995 -999.000000 -999.000000 -999.000000 -999.000000
-999.000000 0.228688 -999.000000 -999.000000 -999.000000 -999.000000
-999.000000 -0.457635 -999.000000 -999.000000 -999.000000 -999.000000
0.711529 -999.000000 -999.000000 -999.000000 -999.000000 -999.000000
0.561525 -999.000000 -999.000000 -999.000000 -999.000000 -999.000000
-999.000000 0.063855 -999.000000 -999.000000 -999.000000 -999.000000
-999.000000 -999.000000 -999.000000 -999.000000 -999.000000 -999.000000
-999.000000 -999.000000 -999.000000 -999.000000 0.643649 -999.000000
0.361551 -999.000000 -999.000000 -999.000000 -999.000000 -999.000000
-999.000000 -0.685448 -999.000000 -999.000000 -999.000000 -999.000000
-999.000000 0.095585 -999.000000 -999.000000 -999.000000 -999.000000
-999.000000 -0.701393 -999.000000 -999.000000 -999.000000 -999.000000
-999.000000 -999.000000 -0.555766 -999.000000 -999.000000 -999.000000
-999.000000 -999.000000 0.571073 -999.000000 -999.000000 -999.000000
-999.000000 0.473127 -999.000000 -999.000000 -999.000000 -999.000000
-999.000000 0.068242 -999.000000 -999.000000 -999.000000 -999.000000
-999.000000 0.047650 -999.000000 -999.000000 -999.000000 -999.000000
-999.000000 -0.074194 -999.000000 -999.000000 -999.000000 -999.000000
-999.000000 -0.041090 -999.000000 -999.000000 -999.000000 -999.000000
-0.108404 -999.000000 -999.000000 -999.000000 -999.000000 -999.000000
-999.000000 -0.120746 -999.000000 -999.000000 -999.000000 -999.000000
-0.218427 -999.000000 -999.000000 -999.000000 -999.000000 -999.000000
-0.258465 -999.000000 -999.000000 -999.000000 -999.000000 -999.000000
-0.228219 -999.000000 -999.000000 -999.000000 -999.000000 -999.000000
0.232030 -999.000000 -999.000000 -999.000000 -999.000000 -999.000000
-999.000000 0.093112 -999.000000 -999.000000 -999.000000 -999.000000
-999.000000 0.103720 -999.000000 -999.000000 -999.000000 -999.000000
-0.418466 -999.000000 -999.000000 -999.000000 -999.000000 -999.000000
-0.448477 -999.000000 -999.000000 -999.000000 -999.000000 -999.000000
-999.000000 -0.111795 -999.000000 -999.000000 -999.000000 -999.000000
-999.000000 -0.221622 -999.000000 -999.000000 -999.000000 -999.000000
0.006620 -999.000000 -999.000000 -999.000000 -999.000000 -999.000000
0.421548 -999.000000 -999.000000 -999.000000 -999.000000 -999.000000
0.661505 -999.000000 -999.000000 -999.000000 -999.000000 -999.000000
-999.000000 -0.222115 -999.000000 -999.000000 -999.000000 -999.000000
-999.000000 -0.394514 -999.000000 -999.000000 -999.000000 -999.000000
-999.000000 -0.164380 -999.000000 -999.000000 -999.000000 -999.000000
0.471527 -999.000000 -999.000000 -999.000000 -999.000000 -999.000000
-0.328428 -999.000000 -999.000000 -999.000000 -999.000000 -999.000000
-999.000000 -999.000000 -0.749086 -999.000000 -999.000000 -999.000000
-999.000000 -0.790603 -999.000000 -999.000000 -999.000000 -999.000000
-0.068345 -999.000000 -999.000000 -999.000000 -999.000000 -999.000000
0.461556 -999.000000 -999.000000 -999.000000 -999.000000 -999.000000
-999.000000 0.007729 -999.000000 -999.000000 -999.000000 -999.000000
-999.000000 -0.134584 -999.000000 -999.000000 -999.000000 -999.000000
-0.628493 -999.000000 -999.000000 -999.000000 -999.000000 -999.000000
-999.000000 -0.774812 -999.000000 -999.000000 -999.000000 -999.000000
-0.807503 -999.000000 -999.000000 -999.000000 -999.000000 -999.000000
-0.788508 -999.000000 -999.000000 -999.000000 -999.000000 -999.000000
-0.758517 -999.000000 -999.000000 -999.000000 -999.000000 -999.000000
-999.000000 -0.696029 -999.000000 -999.000000 -999.000000 -999.000000
-999.000000 -0.609764 -999.000000 -999.000000 -999.000000 -999.000000
-999.000000 -0.659524 -999.000000 -999.000000 -999.000000 -999.000000
-999.000000 -0.420482 -999.000000 -999.000000 -999.000000 -999.000000
-999.000000 -0.157527 -999.000000 -999.000000 -999.000000 -999.000000
0.221562 -999.000000 -999.000000 -999.000000 -999.000000 -999.000000
-999.000000 0.575462 -999.000000 -999.000000 -999.000000 -999.000000
-999.000000 0.468502 -999.000000 -999.000000 -999.000000 -999.000000
-999.000000 0.367375 -999.000000 -999.000000 -999.000000 -999.000000
-999.000000 0.166013 -999.000000 -999.000000 -999.000000 -999.000000
-999.000000 -0.314998 -999.000000 -999.000000 -999.000000 -999.000000
-0.128352 -999.000000 -999.000000 -999.000000 -999.000000 -999.000000
0.061593 -999.000000 -999.000000 -999.000000 -999.000000 -999.000000
-999.000000 0.625304 -999.000000 -999.000000 -999.000000 -999.000000
-0.038392 -999.000000 -999.000000 -999.000000 -999.000000 -999.000000
-999.000000 0.674370 -999.000000 -999.000000 -999.000000 -999.000000
0.331756 -999.000000 -999.000000 -999.000000 -999.000000 -999.000000
-999.000000 -999.000000 -0.497503 -999.000000 -999.000000 -999.000000
-999.000000 -999.000000 -0.497454 -999.000000 -999.000000 -999.000000
-999.000000 -0.640637 -999.000000 -999.000000 -999.000000 -999.000000
-999.000000 -0.021312 -999.000000 -999.000000 -999.000000 -999.000000
-999.000000 0.408518 -999.000000 -999.000000 -999.000000 -999.000000
-999.000000 0.534902 -999.000000 -999.000000 -999.000000 -999.000000
0.751523 -999.000000 -999.000000 -999.000000 -999.000000 -999.000000
0.802499 -999.000000 -999.000000 -999.000000 -999.000000 -999.000000
-999.000000 0.728286 -999.000000 -999.000000 -999.000000 -999.000000
-999.000000 0.252328 -999.000000 -999.000000 -999.000000 -999.000000
0.151703 -999.000000 -999.000000 -999.000000 -999.000000 -999.000000
-0.508476 -999.000000 -999.000000 -999.000000 -999.000000 -999.000000
-999.000000 -0.684100 -999.000000 -999.000000 -999.000000 -999.000000
-0.278077 -999.000000 -999.000000 -999.000000 -999.000000 -999.000000
0.061625 -999.000000 -999.000000 -999.000000 -999.000000 -999.000000
-999.000000 -0.044672 -999.000000 -999.000000 -999.000000 -999.000000
-999.000000 0.756198 -999.000000 -999.000000 -999.000000 -999.000000
-999.000000 0.786066 -999.000000 -999.000000 -999.000000 -999.000000
-999.000000 0.612666 -999.000000 -999.000000 -999.000000 -999.000000
-999.000000 0.454278 -999.000000 -999.000000 -999.000000 -999.000000
0.231567 -999.000000 -999.000000 -999.000000 -999.000000 -999.000000
0.131605 -999.000000 -999.000000 -999.000000 -999.000000 -999.000000
-999.000000 -0.701077 -999.000000 -999.000000 -999.000000 -999.000000
-999.000000 0.643791 -999.000000 -999.000000 -999.000000 -999.000000
-999.000000 0.755052 -999.000000 -999.000000 -999.000000 -999.000000
-999.000000 0.438403 -999.000000 -999.000000 -999.000000 -999.000000
-999.000000 0.193880 -999.000000 -999.000000 -999.000000 -999.000000
-999.000000 0.707279 -999.000000 -999.000000 -999.000000 -999.000000
-999.000000 -0.259971 -999.000000 -999.000000 -999.000000 -999.000000
-0.188075 -999.000000 -999.000000 -999.000000 -999.000000 -999.000000
-999.000000 0.176974 -999.000000 -999.000000 -999.000000 -999.000000
-0.038361 -999.000000 -999.000000 -999.000000 -999.000000 -999.000000
0.321556 -999.000000 -999.000000 -999.000000 -999.000000 -999.000000
-999.000000 0.228876 -999.000000 -999.000000 -999.000000 -999.000000
-0.618459 -999.000000 -999.000000 -999.000000 -999.000000 -999.000000
-0.238449 -999.000000 -999.000000 -999.000000 -999.000000 -999.000000
0.271572 -999.000000 -999.000000 -999.000000 -999.000000 -999.000000
-999.000000 -0.290708 -999.000000 -999.000000 -999.000000 -999.000000
-0.518475 -999.000000 -999.000000 -999.000000 -999.000000 -999.000000
-999.000000 -0.536200 -999.000000 -999.000000 -999.000000 -999.000000
-0.678487 -999.000000 -999.000000 -999.000000 -999.000000 -999.000000
-999.000000 -0.564564 -999.000000 -999.000000 -999.000000 -999.000000
-999.000000 -999.000000 -999.000000 0.303401 -999.000000 -999.000000
-999.000000 -0.585227 -999.000000 -999.000000 -999.000000 -999.000000
-999.000000 0.174310 -999.000000 -999.000000 -999.000000 -999.000000
-999.000000 -0.404029 -999.000000 -999.000000 -999.000000 -999.000000
-0.698487 -999.000000 -999.000000 -999.000000 -999.000000 -999.000000
0.592001 -999.000000 -999.000000 -999.000000 -999.000000 -999.000000
-0.118408 -999.000000 -999.000000 -999.000000 -999.000000 -999.000000
-0.398474 -999.000000 -999.000000 -999.000000 -999.000000 -999.000000
-999.000000 0.059938 -999.000000 -999.000000 -999.000000 -999.000000
-0.618452 -999.000000 -999.000000 -999.000000 -999.000000 -999.000000
-0.548468 -999.000000 -999.000000 -999.000000 -999.000000 -999.000000
0.331576 -999.000000 -999.000000 -999.000000 -999.000000 -999.000000
-999.000000 0.277063 -999.000000 -999.000000 -999.000000 -999.000000
-0.058415 -999.000000 -999.000000 -999.000000 -999.000000 -999.000000
-999.000000 -0.684709 -999.000000 -999.000000 -999.000000 -999.000000
-999.000000 0.697402 -999.000000 -999.000000 -999.000000 -999.000000
-0.528421 -999.000000 -999.000000 -999.000000 -999.000000 -999.000000
-999.000000 -0.384250 -999.000000 -999.000000 -999.000000 -999.000000
0.491536 -999.000000 -999.000000 -999.000000 -999.000000 -999.000000
-999.000000 -0.050680 -999.000000 -999.000000 -999.000000 -999.000000
-0.078336 -999.000000 -999.000000 -999.000000 -999.000000 -999.000000
-999.000000 -0.450942 -999.000000 -999.000000 -999.000000 -999.000000
-999.000000 -0.264066 -999.000000 -999.000000 -999.000000 -999.000000
-999.000000 -999.000000 0.629804 -999.000000 -999.000000 -999.000000
-999.000000 -0.705771 -999.000000 -999.000000 -999.000000 -999.000000
-0.013330 -999.000000 -999.000000 -999.000000 -999.000000 -999.000000
-999.000000 -999.000000 -0.308500 -999.000000 -999.000000 -999.000000
-999.000000 0.494058 -999.000000 -999.000000 -999.000000 -999.000000
-999.000000 0.545879 -999.000000 -999.000000 -999.000000 -999.000000
-999.000000 0.475650 -999.000000 -999.000000 -999.000000 -999.000000
-999.000000 -0.605966 -999.000000 -999.000000 -999.000000 -999.000000
0.361579 -999.000000 -999.000000 -999.000000 -999.000000 -999.000000
-999.000000 -0.035195 -999.000000 -999.000000 -999.000000 -999.000000
0.331810 -999.000000 -999.000000 -999.000000 -999.000000 -999.000000
0.301534 -999.000000 -999.000000 -999.000000 -999.000000 -999.000000
0.171564 -999.000000 -999.000000 -999.000000 -999.000000 -999.000000
-999.000000 -0.603339 -999.000000 -999.000000 -999.000000 -999.000000
-999.000000 -999.000000 0.731431 -999.000000 -999.000000 -999.000000
-999.000000 0.126101 -999.000000 -999.000000 -999.000000 -999.000000
-999.000000 0.154298 -999.000000 -999.000000 -999.000000 -999.000000
0.291566 -999.000000 -999.000000 -999.000000 -999.000000 -999.000000
0.711509 -999.000000 -999.000000 -999.000000 -999.000000 -999.000000
0.381565 -999.000000 -999.000000 -999.000000 -999.000000 -999.000000
-999.000000 -0.557009 -999.000000 -999.000000 -999.000000 -999.000000
-999.000000 -0.079482 -999.000000 -999.000000 -999.000000 -999.000000
-0.778533 -999.000000 -999.000000 -999.000000 -999.000000 -999.000000
-999.000000 -999.000000 -0.618851 -999.000000 -999.000000 -999.000000
-999.000000 -0.153080 -999.000000 -999.000000 -999.000000 -999.000000
-0.238460 -999.000000 -999.000000 -999.000000 -999.000000 -999.000000
-999.000000 0.297663 -999.000000 -999.000000 -999.000000 -999.000000
-999.000000 -0.293288 -999.000000 -999.000000 -999.000000 -999.000000
0.701506 -999.000000 -999.000000 -999.000000 -999.000000 -999.000000
-0.048412 -999.000000 -999.000000 -999.000000 -999.000000 -999.000000
-0.588486 -999.000000 -999.000000 -999.000000 -999.000000 -999.000000
0.581524 -999.000000 -999.000000 -999.000000 -999.000000 -999.000000
-999.000000 0.298932 -999.000000 -999.000000 -999.000000 -999.000000
-999.000000 0.102561 -999.000000 -999.000000 -999.000000 -999.000000
-0.188426 -999.000000 -999.000000 -999.000000 -999.000000 -999.000000
-999.000000 -0.394666 -999.000000 -999.000000 -999.000000 -999.000000
-999.000000 -0.191463 -999.000000 -999.000000 -999.000000 -999.000000
-0.368423 -999.000000 -999.000000 -999.000000 -999.000000 -999.000000
0.261583 -999.000000 -999.000000 -999.000000 -999.000000 -999.000000
-0.598468 -999.000000 -999.000000 -999.000000 -999.000000 -999.000000
-999.000000 -0.781081 -999.000000 -999.000000 -999.000000 -999.000000
-999.000000 -0.781088 -999.000000 -999.000000 -999.000000 -999.000000
-999.000000 -0.741657 -999.000000 -999.000000 -999.000000 -999.000000
-999.000000 -0.700081 -999.000000 -999.000000 -999.000000 -999.000000
0.521551 -999.000000 -999.000000 -999.000000 -999.000000 -999.000000
-999.000000 -0.405540 -999.000000 -999.000000 -999.000000 -999.000000
-999.000000 0.236973 -999.000000 -999.000000 -999.000000 -999.000000
0.671493 -999.000000 -999.000000 -999.000000 -999.000000 -999.000000
-999.000000 -999.000000 0.781474 -999.000000 -999.000000 -999.000000
0.801622 -999.000000 -999.000000 -999.000000 -999.000000 -999.000000
-999.000000 0.790076 -999.000000 -999.000000 -999.000000 -999.000000
-999.000000 0.587467 -999.000000 -999.000000 -999.000000 -999.000000
-999.000000 0.457284 -999.000000 -999.000000 -999.000000 -999.000000
-999.000000 0.468867 -999.000000 -999.000000 -999.000000 -999.000000
-999.000000 0.415056 -999.000000 -999.000000 -999.000000 -999.000000
-999.000000 -999.000000 0.431481 -999.000000 -999.000000 -999.000000
-999.000000 0.370268 -999.000000 -999.000000 -999.000000 -999.000000
-0.568478 -999.000000 -999.000000 -999.000000 -999.000000 -999.000000
-999.000000 -0.789067 -999.000000 -999.000000 -999.000000 -999.000000
-0.758492 -999.000000 -999.000000 -999.000000 -999.000000 -999.000000
-0.558467 -999.000000 -999.000000 -999.000000 -999.000000 -999.000000
-0.508480 -999.000000 -999.000000 -999.000000 -999.000000 -999.000000
-0.788512 -999.000000 -999.000000 -999.000000 -999.000000 -999.000000
-999.000000 0.169968 -999.000000 -999.000000 -999.000000 -999.000000
-999.000000 0.326374 -999.000000 -999.000000 -999.000000 -999.000000
-0.648481 -999.000000 -999.000000 -999.000000 -999.000000 -999.000000
-0.738505 -999.000000 -999.000000 -999.000000 -999.000000 -999.000000
-999.000000 -999.000000 0.171672 -999.000000 -999.000000 -999.000000
-999.000000 -999.000000 -999.000000 -999.000000 -999.000000 -999.000000
-0.678528 -999.000000 -999.000000 -999.000000 -999.000000 -999.000000
-999.000000 0.392761 -999.000000 -999.000000 -999.000000 -999.000000
-0.328481 -999.000000 -999.000000 -999.000000 -999.000000 -999.000000
-999.000000 -0.727426 -999.000000 -999.000000 -999.000000 -999.000000
-999.000000 0.303640 -999.000000 -999.000000 -999.000000 -999.000000
0.492409 -999.000000 -999.000000 -999.000000 -999.000000 -999.000000
-0.148347 -999.000000 -999.000000 -999.000000 -999.000000 -999.000000
-999.000000 -0.789971 -999.000000 -999.000000 -999.000000 -999.000000
0.581531 -999.000000 -999.000000 -999.000000 -999.000000 -999.000000
-999.000000 -0.447142 -999.000000 -999.000000 -999.000000 -999.000000
-999.000000 -999.000000 -999.000000 -999.000000 -0.746780 -999.000000
-999.000000 0.613734 -999.000000 -999.000000 -999.000000 -999.000000
-999.000000 0.485687 -999.000000 -999.000000 -999.000000 -999.000000
-999.000000 -0.441897 -999.000000 -999.000000 -999.000000 -999.000000
0.681512 -999.000000 -999.000000 -999.000000 -999.000000 -999.000000
-999.000000 -0.113626 -999.000000 -999.000000 -999.000000 -999.000000
-999.000000 -0.444562 -999.000000 -999.000000 -999.000000 -999.000000
-999.000000 -0.170478 -999.000000 -999.000000 -999.000000 -999.000000
-999.000000 -0.430039 -999.000000 -999.000000 -999.000000 -999.000000
-999.000000 -0.174336 -999.000000 -999.000000 -999.000000 -999.000000
0.171681 -999.000000 -999.000000 -999.000000 -999.000000 -999.000000
0.191574 -999.000000 -999.000000 -999.000000 -999.000000 -999.000000
0.661501 -999.000000 -999.000000 -999.000000 -999.000000 -999.000000
0.661481 -999.000000 -999.000000 -999.000000 -999.000000 -999.000000
-999.000000 -999.000000 -0.608817 -999.000000 -999.000000 -999.000000
-999.000000 0.719044 -999.000000 -999.000000 -999.000000 -999.000000
-999.000000 0.708136 -999.000000 -999.000000 -999.000000 -999.000000
-999.000000 0.507865 -999.000000 -999.000000 -999.000000 -999.000000
-999.000000 -0.301123 -999.000000 -999.000000 -999.000000 -999.000000
-0.578469 -999.000000 -999.000000 -999.000000 -999.000000 -999.000000
-999.000000 -0.514053 -999.000000 -999.000000 -999.000000 -999.000000
-999.000000 -999.000000 -0.568592 -999.000000 -999.000000 -999.000000
-999.000000 0.029496 -999.000000 -999.000000 -999.000000 -999.000000
0.401543 -999.000000 -999.000000 -999.000000 -999.000000 -999.000000
0.782526 -999.000000 -999.000000 -999.000000 -999.000000 -999.000000
-999.000000 0.377183 -999.000000 -999.000000 -999.000000 -999.000000
-999.000000 0.204311 -999.000000 -999.000000 -999.000000 -999.000000
-999.000000 -0.008386 -999.000000 -999.000000 -999.000000 -999.000000
-999.000000 -0.114849 -999.000000 -999.000000 -999.000000 -999.000000
-999.000000 -0.440209 -999.000000 -999.000000 -999.000000 -999.000000
-999.000000 -0.424408 -999.000000 -999.000000 -999.000000 -999.000000
-0.518466 -999.000000 -999.000000 -999.000000 -999.000000 -999.000000
-999.000000 -0.600379 -999.000000 -999.000000 -999.000000 -999.000000
-999.000000 -0.715217 -999.000000 -999.000000 -999.000000 -999.000000
-999.000000 -0.514476 -999.000000 -999.000000 -999.000000 -999.000000
-0.108175 -999.000000 -999.000000 -999.000000 -999.000000 -999.000000
-999.000000 -0.170905 -999.000000 -999.000000 -999.000000 -999.000000
-0.048329 -999.000000 -999.000000 -999.000000 -999.000000 -999.000000
0.271574 -999.000000 -999.000000 -999.000000 -999.000000 -999.000000
0.801525 -999.000000 -999.000000 -999.000000 -999.000000 -999.000000
-999.000000 0.742954 -999.000000 -999.000000 -999.000000 -999.000000
-999.000000 0.535231 -999.000000 -999.000000 -999.000000 -999.000000
-999.000000 0.307168 -999.000000 -999.000000 -999.000000 -999.000000
-999.000000 0.195915 -999.000000 -999.000000 -999.000000 -999.000000
-999.000000 0.152675 -999.000000 -999.000000 -999.000000 -999.000000
0.081663 -999.000000 -999.000000 -999.000000 -999.000000 -999.000000
-0.118395 -999.000000 -999.000000 -999.000000 -999.000000 -999.000000
-0.398443 -999.000000 -999.000000 -999.000000 -999.000000 -999.000000
-999.000000 -0.374733 -999.000000 -999.000000 -999.000000 -999.000000
-999.000000 0.627723 -999.000000 -999.000000 -999.000000 -999.000000
-999.000000 -0.273653 -999.000000 -999.000000 -999.000000 -999.000000
-999.000000 -0.197059 -999.000000 -999.000000 -999.000000 -999.000000
0.006652 -999.000000 -999.000000 -999.000000 -999.000000 -999.000000
0.211572 -999.000000 -999.000000 -999.000000 -999.000000 -999.000000
-999.000000 0.327769 -999.000000 -999.000000 -999.000000 -999.000000
0.321556 -999.000000 -999.000000 -999.000000 -999.000000 -999.000000
-999.000000 0.464354 -999.000000 -999.000000 -999.000000 -999.000000
0.771508 -999.000000 -999.000000 -999.000000 -999.000000 -999.000000
0.482177 -999.000000 -999.000000 -999.000000 -999.000000 -999.000000
-999.000000 0.290014 -999.000000 -999.000000 -999.000000 -999.000000
0.201671 -999.000000 -999.000000 -999.000000 -999.000000 -999.000000
0.131663 -999.000000 -999.000000 -999.000000 -999.000000 -999.000000
-999.000000 0.157933 -999.000000 -999.000000 -999.000000 -999.000000
-0.188420 -999.000000 -999.000000 -999.000000 -999.000000 -999.000000
-0.298421 -999.000000 -999.000000 -999.000000 -999.000000 -999.000000
-999.000000 -0.123232 -999.000000 -999.000000 -999.000000 -999.000000
-0.498476 -999.000000 -999.000000 -999.000000 -999.000000 -999.000000
-999.000000 -0.532973 -999.000000 -999.000000 -999.000000 -999.000000
-999.000000 -0.334655 -999.000000 -999.000000 -999.000000 -999.000000
-999.000000 -0.387242 -999.000000 -999.000000 -999.000000 -999.000000
-999.000000 -0.175982 -999.000000 -999.000000 -999.000000 -999.000000
-999.000000 0.038352 -999.000000 -999.000000 -999.000000 -999.000000
0.141592 -999.000000 -999.000000 -999.000000 -999.000000 -999.000000
0.411552 -999.000000 -999.000000 -999.000000 -999.000000 -999.000000
0.561523 -999.000000 -999.000000 -999.000000 -999.000000 -999.000000
0.651526 -999.000000 -999.000000 -999.000000 -999.000000 -999.000000
-999.000000 0.718096 -999.000000 -999.000000 -999.000000 -999.000000
-999.000000 0.360119 -999.000000 -999.000000 -999.000000 -999.000000
0.342011 -999.000000 -999.000000 -999.000000 -999.000000 -999.000000
-999.000000 0.279895 -999.000000 -999.000000 -999.000000 -999.000000
-999.000000 -0.171981 -999.000000 -999.000000 -999.000000 -999.000000
-999.000000 -0.252007 -999.000000 -999.000000 -999.000000 -999.000000
-0.518473 -999.000000 -999.000000 -999.000000 -999.000000 -999.000000
-999.000000 -0.682366 -999.000000 -999.000000 -999.000000 -999.000000
-999.000000 -0.584957 -999.000000 -999.000000 -999.000000 -999.000000
-999.000000 -0.561609 -999.000000 -999.000000 -999.000000 -999.000000
-999.000000 -0.321979 -999.000000 -999.000000 -999.000000 -999.000000
0.561513 -999.000000 -999.000000 -999.000000 -999.000000 -999.000000
-999.000000 -0.102115 -999.000000 -999.000000 -999.000000 -999.000000
-999.000000 0.115775 -999.000000 -999.000000 -999.000000 -999.000000
-999.000000 0.327829 -999.000000 -999.000000 -999.000000 -999.000000
0.081749 -999.000000 -999.000000 -999.000000 -999.000000 -999.000000
-999.000000 0.007534 -999.000000 -999.000000 -999.000000 -999.000000
-0.328437 -999.000000 -999.000000 -999.000000 -999.000000 -999.000000
-999.000000 -0.803607 -999.000000 -999.000000 -999.000000 -999.000000
-0.718470 -999.000000 -999.000000 -999.000000 -999.000000 -999.000000
0.221550 -999.000000 -999.000000 -999.000000 -999.000000 -999.000000
0.651537 -999.000000 -999.000000 -999.000000 -999.000000 -999.000000
-999.000000 -0.740192 -999.000000 -999.000000 -999.000000 -999.000000
-999.000000 0.339789 -999.000000 -999.000000 -999.000000 -999.000000
-999.000000 0.635957 -999.000000 -999.000000 -999.000000 -999.000000
-999.000000 -999.000000 -0.778347 -999.000000 -999.000000 -999.000000
-0.158381 -999.000000 -999.000000 -999.000000 -999.000000 -999.000000
-999.000000 -0.651766 -999.000000 -999.000000 -999.000000 -999.000000
0.281570 -999.000000 -999.000000 -999.000000 -999.000000 -999.000000
-999.000000 0.118731 -999.000000 -999.000000 -999.000000 -999.000000
-999.000000 0.469099 -999.000000 -999.000000 -999.000000 -999.000000
-999.000000 -999.000000 -0.687982 -999.000000 -999.000000 -999.000000
-999.000000 0.397060 -999.000000 -999.000000 -999.000000 -999.000000
-999.000000 -0.023214 -999.000000 -999.000000 -999.000000 -999.000000
0.751518 -999.000000 -999.000000 -999.000000 -999.000000 -999.000000
-999.000000 -0.736380 -999.000000 -999.000000 -999.000000 -999.000000
-999.000000 -0.681856 -999.000000 -999.000000 -999.000000 -999.000000
-999.000000 -0.596565 -999.000000 -999.000000 -999.000000 -999.000000
0.131896 -999.000000 -999.000000 -999.000000 -999.000000 -999.000000
-999.000000 -0.682572 -999.000000 -999.000000 -999.000000 -999.000000
0.311574 -999.000000 -999.000000 -999.000000 -999.000000 -999.000000
-999.000000 0.110061 -999.000000 -999.000000 -999.000000 -999.000000
-999.000000 0.163362 -999.000000 -999.000000 -999.000000 -999.000000
0.291551 -999.000000 -999.000000 -999.000000 -999.000000 -999.000000
-999.000000 -0.740507 -999.000000 -999.000000 -999.000000 -999.000000
-999.000000 -0.341678 -999.000000 -999.000000 -999.000000 -999.000000
-0.488480 -999.000000 -999.000000 -999.000000 -999.000000 -999.000000
-0.658445 -999.000000 -999.000000 -999.000000 -999.000000 -999.000000
-999.000000 0.224154 -999.000000 -999.000000 -999.000000 -999.000000
-0.013340 -999.000000 -999.000000 -999.000000 -999.000000 -999.000000
-999.000000 -999.000000 0.570486 -999.000000 -999.000000 -999.000000
-999.000000 -0.461404 -999.000000 -999.000000 -999.000000 -999.000000
-999.000000 -0.725134 -999.000000 -999.000000 -999.000000 -999.000000
-999.000000 0.300032 -999.000000 -999.000000 -999.000000 -999.000000
-999.000000 -0.175987 -999.000000 -999.000000 -999.000000 -999.000000
-0.648490 -999.000000 -999.000000 -999.000000 -999.000000 -999.000000
-0.238133 -999.000000 -999.000000 -999.000000 -999.000000 -999.000000
-0.807504 -999.000000 -999.000000 -999.000000 -999.000000 -999.000000
-0.738498 -999.000000 -999.000000 -999.000000 -999.000000 -999.000000
0.021691 -999.000000 -999.000000 -999.000000 -999.000000 -999.000000
-999.000000 -0.559815 -999.000000 -999.000000 -999.000000 -999.000000
0.781504 -999.000000 -999.000000 -999.000000 -999.000000 -999.000000
-999.000000 0.745942 -999.000000 -999.000000 -999.000000 -999.000000
-999.000000 0.305816 -999.000000 -999.000000 -999.000000 -999.000000
-0.013409 -999.000000 -999.000000 -999.000000 -999.000000 -999.000000
-999.000000 0.179018 -999.000000 -999.000000 -999.000000 -999.000000
-999.000000 -0.411118 -999.000000 -999.000000 -999.000000 -999.000000
-999.000000 0.515165 -999.000000 -999.000000 -999.000000 -999.000000
-999.000000 0.637540 -999.000000 -999.000000 -999.000000 -999.000000
0.671521 -999.000000 -999.000000 -999.000000 -999.000000 -999.000000
-999.000000 0.438691 -999.000000 -999.000000 -999.000000 -999.000000
-999.000000 0.734406 -999.000000 -999.000000 -999.000000 -999.000000
-999.000000 -0.779123 -999.000000 -999.000000 -999.000000 -999.000000
-0.228454 -999.000000 -999.000000 -999.000000 -999.000000 -999.000000
-0.638501 -999.000000 -999.000000 -999.000000 -999.000000 -999.000000
-999.000000 0.708174 -999.000000 -999.000000 -999.000000 -999.000000
-0.598450 -999.000000 -999.000000 -999.000000 -999.000000 -999.000000
-0.408467 -999.000000 -999.000000 -999.000000 -999.000000 -999.000000
-0.588492 -999.000000 -999.000000 -999.000000 -999.000000 -999.000000
-999.000000 -0.382828 -999.000000 -999.000000 -999.000000 -999.000000
-999.000000 0.118327 -999.000000 -999.000000 -999.000000 -999.000000
0.171559 -999.000000 -999.000000 -999.000000 -999.000000 -999.000000
0.731533 -999.000000 -999.000000 -999.000000 -999.000000 -999.000000
0.322225 -999.000000 -999.000000 -999.000000 -999.000000 -999.000000
-999.000000 0.139338 -999.000000 -999.000000 -999.000000 -999.000000
-999.000000 -0.175080 -999.000000 -999.000000 -999.000000 -999.000000
-999.000000 0.025448 -999.000000 -999.000000 -999.000000 -999.000000
-0.098382 -999.000000 -999.000000 -999.000000 -999.000000 -999.000000
0.211621 -999.000000 -999.000000 -999.000000 -999.000000 -999.000000
0.751540 -999.000000 -999.000000 -999.000000 -999.000000 -999.000000
-999.000000 -0.524239 -999.000000 -999.000000 -999.000000 -999.000000
0.471517 -999.000000 -999.000000 -999.000000 -999.000000 -999.000000
-999.000000 -0.734272 -999.000000 -999.000000 -999.000000 -999.000000
-0.328465 -999.000000 -999.000000 -999.000000 -999.000000 -999.000000
0.581513 -999.000000 -999.000000 -999.000000 -999.000000 -999.000000
-999.000000 0.664636 -999.000000 -999.000000 -999.000000 -999.000000
-999.000000 0.157474 -999.000000 -999.000000 -999.000000 -999.000000
-999.000000 0.736565 -999.000000 -999.000000 -999.000000 -999.000000
-999.000000 0.195120 -999.000000 -999.000000 -999.000000 -999.000000
-999.000000 0.350159 -999.000000 -999.000000 -999.000000 -999.000000
0.601537 -999.000000 -999.000000 -999.000000 -999.000000 -999.000000
-0.498457 -999.000000 -999.000000 -999.000000 -999.000000 -999.000000
-999.000000 -0.005621 -999.000000 -999.000000 -999.000000 -999.000000
-999.000000 0.173544 -999.000000 -999.000000 -999.000000 -999.000000
0.341573 -999.000000 -999.000000 -999.000000 -999.000000 -999.000000
-999.000000 0.718936 -999.000000 -999.000000 -999.000000 -999.000000
-999.000000 0.607365 -999.000000 -999.000000 -999.000000 -999.000000
-999.000000 -0.737404 -999.000000 -999.000000 -999.000000 -999.000000
-999.000000 -0.314765 -999.000000 -999.000000 -999.000000 -999.000000
-0.558482 -999.000000 -999.000000 -999.000000 -999.000000 -999.000000
-999.000000 -0.313979 -999.000000 -999.000000 -999.000000 -999.000000
-999.000000 0.159820 -999.000000 -999.000000 -999.000000 -999.000000
-999.000000 0.590743 -999.000000 -999.000000 -999.000000 -999.000000
-0.428081 -999.000000 -999.000000 -999.000000 -999.000000 -999.000000
-0.268414 -999.000000 -999.000000 -999.000000 -999.000000 -999.000000
-999.000000 0.646506 -999.000000 -999.000000 -999.000000 -999.000000
-999.000000 -999.000000 -999.000000 0.705472 -999.000000 -999.000000
-999.000000 0.195263 -999.000000 -999.000000 -999.000000 -999.000000
-999.000000 -0.553739 -999.000000 -999.000000 -999.000000 -999.000000
-0.048318 -999.000000 -999.000000 -999.000000 -999.000000 -999.000000
-0.348438 -999.000000 -999.000000 -999.000000 -999.000000 -999.000000
-0.547567 -999.000000 -999.000000 -999.000000 -999.000000 -999.000000
-999.000000 0.007645 -999.000000 -999.000000 -999.000000 -999.000000
-999.000000 -0.402987 -999.000000 -999.000000 -999.000000 -999.000000
-0.048330 -999.000000 -999.000000 -999.000000 -999.000000 -999.000000
0.441522 -999.000000 -999.000000 -999.000000 -999.000000 -999.000000
-0.248223 -999.000000 -999.000000 -999.000000 -999.000000 -999.000000
-999.000000 -0.019068 -999.000000 -999.000000 -999.000000 -999.000000
-999.000000 0.571002 -999.000000 -999.000000 -999.000000 -999.000000
-999.000000 0.497512 -999.000000 -999.000000 -999.000000 -999.000000
-999.000000 0.408142 -999.000000 -999.000000 -999.000000 -999.000000
-999.000000 0.387543 -999.000000 -999.000000 -999.000000 -999.000000
-999.000000 -0.028287 -999.000000 -999.000000 -999.000000 -999.000000
-999.000000 -0.714903 -999.000000 -999.000000 -999.000000 -999.000000
-999.000000 -0.190690 -999.000000 -999.000000 -999.000000 -999.000000
-0.068358 -999.000000 -999.000000 -999.000000 -999.000000 -999.000000
-0.013370 -999.000000 -999.000000 -999.000000 -999.000000 -999.000000
0.771478 -999.000000 -999.000000 -999.000000 -999.000000 -999.000000
-0.648458 -999.000000 -999.000000 -999.000000 -999.000000 -999.000000
-999.000000 0.615394 -999.000000 -999.000000 -999.000000 -999.000000
-999.000000 0.368475 -999.000000 -999.000000 -999.000000 -999.000000
-999.000000 0.294644 -999.000000 -999.000000 -999.000000 -999.000000
-999.000000 -0.322610 -999.000000 -999.000000 -999.000000 -999.000000
-999.000000 -0.455378 -999.000000 -999.000000 -999.000000 -999.000000
-999.000000 -0.344181 -999.000000 -999.000000 -999.000000 -999.000000
-999.000000 -0.222184 -999.000000 -999.000000 -999.000000 -999.000000
0.111607 -999.000000 -999.000000 -999.000000 -999.000000 -999.000000
0.131599 -999.000000 -999.000000 -999.000000 -999.000000 -999.000000
0.131596 -999.000000 -999.000000 -999.000000 -999.000000 -999.000000
-999.000000 -999.000000 0.689422 -999.000000 -999.000000 -999.000000
-999.000000 0.469346 -999.000000 -999.000000 -999.000000 -999.000000
-999.000000 0.103398 -999.000000 -999.000000 -999.000000 -999.000000
-999.000000 -0.142478 -999.000000 -999.000000 -999.000000 -999.000000
-0.198397 -999.000000 -999.000000 -999.000000 -999.000000 -999.000000
-0.498456 -999.000000 -999.000000 -999.000000 -999.000000 -999.000000
-999.000000 0.197142 -999.000000 -999.000000 -999.000000 -999.000000
-999.000000 0.148446 -999.000000 -999.000000 -999.000000 -999.000000
-999.000000 -0.793568 -999.000000 -999.000000 -999.000000 -999.000000
-0.808578 -999.000000 -999.000000 -999.000000 -999.000000 -999.000000
-999.000000 -999.000000 -0.680091 -999.000000 -999.000000 -999.000000
-999.000000 -0.679488 -999.000000 -999.000000 -999.000000 -999.000000
-999.000000 -0.532628 -999.000000 -999.000000 -999.000000 -999.000000
-999.000000 0.557855 -999.000000 -999.000000 -999.000000 -999.000000
-999.000000 0.791308 -999.000000 -999.000000 -999.000000 -999.000000
-999.000000 -999.000000 -0.512180 -999.000000 -999.000000 -999.000000
0.251548 -999.000000 -999.000000 -999.000000 -999.000000 -999.000000
0.611498 -999.000000 -999.000000 -999.000000 -999.000000 -999.000000
-999.000000 -999.000000 -0.719103 -999.000000 -999.000000 -999.000000
-999.000000 -0.290142 -999.000000 -999.000000 -999.000000 -999.000000
-999.000000 -0.216362 -999.000000 -999.000000 -999.000000 -999.000000
-999.000000 -0.149402 -999.000000 -999.000000 -999.000000 -999.000000
-0.068354 -999.000000 -999.000000 -999.000000 -999.000000 -999.000000
0.061610 -999.000000 -999.000000 -999.000000 -999.000000 -999.000000
-999.000000 -999.000000 0.140482 -999.000000 -999.000000 -999.000000
0.171576 -999.000000 -999.000000 -999.000000 -999.000000 -999.000000
0.331551 -999.000000 -999.000000 -999.000000 -999.000000 -999.000000
-0.748501 -999.000000 -999.000000 -999.000000 -999.000000 -999.000000
-0.078359 -999.000000 -999.000000 -999.000000 -999.000000 -999.000000
-0.028353 -999.000000 -999.000000 -999.000000 -999.000000 -999.000000
0.101654 -999.000000 -999.000000 -999.000000 -999.000000 -999.000000
-999.000000 -0.012379 -999.000000 -999.000000 -999.000000 -999.000000
-0.098339 -999.000000 -999.000000 -999.000000 -999.000000 -999.000000
0.421534 -999.000000 -999.000000 -999.000000 -999.000000 -999.000000
0.741502 -999.000000 -999.000000 -999.000000 -999.000000 -999.000000
0.802460 -999.000000 -999.000000 -999.000000 -999.000000 -999.000000
0.332032 -999.000000 -999.000000 -999.000000 -999.000000 -999.000000
-999.000000 0.007727 -999.000000 -999.000000 -999.000000 -999.000000
-999.000000 0.629695 -999.000000 -999.000000 -999.000000 -999.000000
-999.000000 0.089917 -999.000000 -999.000000 -999.000000 -999.000000
-999.000000 0.025589 -999.000000 -999.000000 -999.000000 -999.000000
-999.000000 0.137112 -999.000000 -999.000000 -999.000000 -999.000000
0.041619 -999.000000 -999.000000 -999.000000 -999.000000 -999.000000
0.051609 -999.000000 -999.000000 -999.000000 -999.000000 -999.000000
0.201573 -999.000000 -999.000000 -999.000000 -999.000000 -999.000000
0.201720 -999.000000 -999.000000 -999.000000 -999.000000 -999.000000
-999.000000 0.767300 -999.000000 -999.000000 -999.000000 -999.000000
0.491531 -999.000000 -999.000000 -999.000000 -999.000000 -999.000000
-999.000000 -0.710876 -999.000000 -999.000000 -999.000000 -999.000000
-999.000000 -999.000000 0.108960 -999.000000 -999.000000 -999.000000
-0.138377 -999.000000 -999.000000 -999.000000 -999.000000 -999.000000
-999.000000 -0.116856 -999.000000 -999.000000 -999.000000 -999.000000
-999.000000 -0.070317 -999.000000 -999.000000 -999.000000 -999.000000
0.411676 -999.000000 -999.000000 -999.000000 -999.000000 -999.000000
-0.678445 -999.000000 -999.000000 -999.000000 -999.000000 -999.000000
-999.000000 0.349899 -999.000000 -999.000000 -999.000000 -999.000000
-999.000000 -999.000000 -0.549511 -999.000000 -999.000000 -999.000000
-999.000000 0.413690 -999.000000 -999.000000 -999.000000 -999.000000
0.791534 -999.000000 -999.000000 -999.000000 -999.000000 -999.000000
-999.000000 0.778480 -999.000000 -999.000000 -999.000000 -999.000000
-999.000000 0.629010 -999.000000 -999.000000 -999.000000 -999.000000
-999.000000 0.579599 -999.000000 -999.000000 -999.000000 -999.000000
-999.000000 0.789908 -999.000000 -999.000000 -999.000000 -999.000000
-999.000000 0.339677 -999.000000 -999.000000 -999.000000 -999.000000
-0.068455 -999.000000 -999.000000 -999.000000 -999.000000 -999.000000
-999.000000 -0.280127 -999.000000 -999.000000 -999.000000 -999.000000
-999.000000 0.149176 -999.000000 -999.000000 -999.000000 -999.000000
-0.618492 -999.000000 -999.000000 -999.000000 -999.000000 -999.000000
-999.000000 -0.622496 -999.000000 -999.000000 -999.000000 -999.000000
-999.000000 -0.160088 -999.000000 -999.000000 -999.000000 -999.000000
-999.000000 0.138341 -999.000000 -999.000000 -999.000000 -999.000000
0.231659 -999.000000 -999.000000 -999.000000 -999.000000 -999.000000
0.691513 -999.000000 -999.000000 -999.000000 -999.000000 -999.000000
-999.000000 -0.142127 -999.000000 -999.000000 -999.000000 -999.000000
0.551520 -999.000000 -999.000000 -999.000000 -999.000000 -999.000000
0.006568 -999.000000 -999.000000 -999.000000 -999.000000 -999.000000
0.231595 -999.000000 -999.000000 -999.000000 -999.000000 -999.000000
-0.458487 -999.000000 -999.000000 -999.000000 -999.000000 -999.000000
0.031633 -999.000000 -999.000000 -999.000000 -999.000000 -999.000000
-999.000000 -999.000000 0.161286 -999.000000 -999.000000 -999.000000
-999.000000 -0.309544 -999.000000 -999.000000 -999.000000 -999.000000
-0.068369 -999.000000 -999.000000 -999.000000 -999.000000 -999.000000
-999.000000 -0.282185 -999.000000 -999.000000 -999.000000 -999.000000
-0.708512 -999.000000 -999.000000 -999.000000 -999.000000 -999.000000
-999.000000 -0.410675 -999.000000 -999.000000 -999.000000 -999.000000
-0.508482 -999.000000 -999.000000 -999.000000 -999.000000 -999.000000
-0.568484 -999.000000 -999.000000 -999.000000 -999.000000 -999.000000
-0.068339 -999.000000 -999.000000 -999.000000 -999.000000 -999.000000
