-0.111782 -0.111235
0.693782 0.692102
0.506058 0.505733
0.312014 -nan
-0.747975 -nan
-0.475040 -0.476312
0.771943 0.771632
0.795704 0.794318
0.721945 0.721846
0.540051 0.540334
-0.127988 -0.127976
-0.688015 -0.688400
-0.745564 -0.747894
-0.701819 -0.697442
-0.596409 -0.596660
-0.535675 -0.536162
0.352014 0.351519
0.377989 0.381395
0.412016 0.411699
0.402016 0.401555
0.417540 0.418389
-0.467990 -nan
-0.755186 -0.753828
-0.798040 -nan
-0.582716 -0.577595
-0.073977 -0.074310
0.082013 0.082127
0.036603 0.035669
0.600133 0.601537
0.128012 0.127938
0.532017 0.531812
-0.157984 -0.158316
-0.277981 -0.278025
-0.487994 -nan
-0.658023 -nan
-0.708041 -nan
0.162016 0.162037
-0.207987 -0.208007
-0.257986 -0.258068
-0.437992 -0.438114
-0.622094 -0.617568
-0.354240 -0.353040
-0.277989 -nan
-0.031948 -0.027918
0.224584 0.223736
0.802031 0.802488
0.371949 0.371398
-0.360119 -0.359958
-0.717993 -0.718607
0.212013 0.211807
0.545690 0.545379
-0.496271 -0.497819
0.338768 0.339974
0.092011 0.091404
0.032014 0.031647
-0.217986 -0.218494
-0.447988 -0.448536
-0.678001 -0.678495
-0.808012 -0.807261
-0.451895 -0.450956
0.686250 0.691041
0.052013 -nan
0.192017 -nan
-0.542829 -0.538140
-0.738033 -0.738199
-0.597986 -0.598377
-0.653507 -0.653988
0.547028 0.549686
-0.100848 -0.100139
0.587047 0.587432
0.295494 0.294025
0.467147 0.469524
0.042012 0.042132
-0.235153 -0.234227
-0.624432 -0.619725
0.577055 0.577780
-0.134848 -0.135733
-0.771658 -0.768499
-0.302974 -0.303844
0.295682 0.295678
0.292001 0.291964
-0.352946 -0.352289
-0.342489 -0.342751
0.432016 0.431518
-0.212290 -0.217419
-0.202370 -0.201886
-0.662342 -0.659301
0.247539 0.249136
-0.085156 -0.087922
-0.737971 -nan
-0.222980 -0.224313
0.197511 0.198009
0.227303 0.229378
-0.457018 -0.458037
0.712030 0.711460
0.562042 0.561876
0.064335 0.064120
0.420543 0.436200
0.643688 0.641268
0.362014 0.361679
-0.684850 -0.685218
0.095278 0.095623
-0.702772 -0.698387
-0.551937 -0.554688
0.473751 0.472073
0.067732 0.068849
0.047171 0.046915
-0.073843 -0.074164
-0.041817 -0.040838
-0.107986 -0.108105
-0.121874 -0.120989
-0.217985 -0.218241
-0.258000 -nan
-0.228045 -0.227857
0.232017 0.232220
0.094482 0.092059
0.104878 0.103856
-0.417987 -0.418460
-0.447997 -0.448056
-0.112302 -0.110377
-0.221379 -0.223075
0.422013 0.421910
-0.222579 -0.223685
-0.394422 -0.394191
-0.164438 -0.164547
0.472010 0.471464
-0.327988 -0.328104
-0.792367 -0.790231
-0.067986 -0.067960
0.462020 0.461597
-0.134004 -0.136572
-0.628006 -0.628171
-0.774455 -0.774478
-0.808049 -0.807424
-0.788010 -0.788186
-0.758016 -0.758211
-0.695474 -0.697402
-0.610977 -0.607548
-0.660297 -0.657704
-0.421141 -0.420493
-0.156049 -0.158012
0.222011 0.221938
0.574481 0.575882
0.467360 0.472264
0.366675 0.365657
0.165314 0.166203
-0.314896 -0.314822
-0.127987 -nan
0.061952 0.061766
0.675191 0.674619
-0.492213 -0.497472
-0.492211 -0.497459
0.407596 0.408885
0.536356 0.534299
0.802022 0.801869
0.253360 0.252089
-0.507988 -0.508588
-0.683532 -0.684248
-0.277988 -0.278331
0.062013 0.061563
-0.043817 -0.044902
0.786208 0.786005
0.614310 0.612271
0.454477 0.453925
0.232022 0.231419
0.132011 0.131823
0.437756 0.437676
0.195211 0.191893
0.707030 0.707402
-0.261267 -0.258344
-0.187982 -0.187787
0.176431 0.175678
-0.038047 -0.037908
0.321955 0.321971
0.227678 0.231940
-0.617972 -nan
-0.237986 -0.238094
0.272013 0.271698
-0.517992 -0.518435
-0.533902 -0.538466
-0.677998 -0.678653
-0.564154 -0.565430
0.309430 0.304818
0.175593 0.174256
-0.697992 -0.698631
0.592008 0.592188
-0.117986 -0.118140
-0.397989 -0.398440
0.058819 0.062099
-0.617984 -0.618168
-0.547991 -0.548059
0.332012 0.331811
0.276809 0.275642
-0.057979 -nan
-0.683986 -0.684616
0.697091 0.697833
-0.527971 -nan
-0.384103 -0.384785
0.492033 0.491729
-0.051206 -0.047755
-0.078048 -nan
-0.451641 -0.451426
-0.264019 -0.264177
0.628768 0.629769
-0.704643 -0.707508
-0.307988 -0.308641
0.495301 0.494396
0.476418 0.475306
-0.604803 -0.605478
0.362011 0.361916
-0.034790 -0.034490
0.332014 0.332111
0.301948 0.301640
0.172012 0.171955
0.730816 0.731164
0.125190 0.125645
0.154661 0.154605
0.292010 -nan
0.712016 0.712111
0.382014 0.381524
-0.556317 -0.558214
-0.080025 -0.079408
-0.778030 -0.778663
-0.153599 -0.153995
-0.238048 -0.238293
0.297046 0.302102
