-999.000000 -0.110600 -999.000000 -999.000000 -999.000000 -999.000000
-999.000000 0.693030 -999.000000 -999.000000 -999.000000 -999.000000
-999.000000 0.507165 -999.000000 -999.000000 -999.000000 -999.000000
0.312052 -999.000000 -999.000000 -999.000000 -999.000000 -999.000000
-0.748240 -999.000000 -999.000000 -999.000000 -999.000000 -999.000000
-999.000000 -0.475552 -999.000000 -999.000000 -999.000000 -999.000000
0.771580 -999.000000 -999.000000 -999.000000 -999.000000 -999.000000
-999.000000 0.795278 -999.000000 -999.000000 -999.000000 -999.000000
-999.000000 -999.000000 0.721634 -999.000000 -999.000000 -999.000000
-999.000000 0.540535 -999.000000 -999.000000 -999.000000 -999.000000
-0.128072 -999.000000 -999.000000 -999.000000 -999.000000 -999.000000
-0.688494 -999.000000 -999.000000 -999.000000 -999.000000 -999.000000
-999.000000 -0.746852 -999.000000 -999.000000 -999.000000 -999.000000
-999.000000 -0.700517 -999.000000 -999.000000 -999.000000 -999.000000
-999.000000 -0.597017 -999.000000 -999.000000 -999.000000 -999.000000
-999.000000 -0.536037 -999.000000 -999.000000 -999.000000 -999.000000
0.351579 -999.000000 -999.000000 -999.000000 -999.000000 -999.000000
-999.000000 0.379432 -999.000000 -999.000000 -999.000000 -999.000000
0.411554 -999.000000 -999.000000 -999.000000 -999.000000 -999.000000
0.401536 -999.000000 -999.000000 -999.000000 -999.000000 -999.000000
-999.000000 0.418253 -999.000000 -999.000000 -999.000000 -999.000000
-0.468186 -999.000000 -999.000000 -999.000000 -999.000000 -999.000000
-999.000000 -0.754226 -999.000000 -999.000000 -999.000000 -999.000000
-0.798266 -999.000000 -999.000000 -999.000000 -999.000000 -999.000000
-999.000000 -0.581618 -999.000000 -999.000000 -999.000000 -999.000000
-999.000000 -0.073203 -999.000000 -999.000000 -999.000000 -999.000000
0.081937 -999.000000 -999.000000 -999.000000 -999.000000 -999.000000
-999.000000 0.037246 -999.000000 -999.000000 -999.000000 -999.000000
-999.000000 0.600705 -999.000000 -999.000000 -999.000000 -999.000000
-999.000000 0.128579 -999.000000 -999.000000 -999.000000 -999.000000
0.531746 -999.000000 -999.000000 -999.000000 -999.000000 -999.000000
-0.158161 -999.000000 -999.000000 -999.000000 -999.000000 -999.000000
-0.278148 -999.000000 -999.000000 -999.000000 -999.000000 -999.000000
-0.488209 -999.000000 -999.000000 -999.000000 -999.000000 -999.000000
-0.658262 -999.000000 -999.000000 -999.000000 -999.000000 -999.000000
-0.708253 -999.000000 -999.000000 -999.000000 -999.000000 -999.000000
0.162062 -999.000000 -999.000000 -999.000000 -999.000000 -999.000000
-0.208117 -999.000000 -999.000000 -999.000000 -999.000000 -999.000000
-0.258123 -999.000000 -999.000000 -999.000000 -999.000000 -999.000000
-0.438426 -999.000000 -999.000000 -999.000000 -999.000000 -999.000000
-999.000000 -0.620973 -999.000000 -999.000000 -999.000000 -999.000000
-999.000000 -0.354501 -999.000000 -999.000000 -999.000000 -999.000000
-0.277966 -999.000000 -999.000000 -999.000000 -999.000000 -999.000000
-999.000000 -0.030649 -999.000000 -999.000000 -999.000000 -999.000000
-999.000000 0.224075 -999.000000 -999.000000 -999.000000 -999.000000
0.802054 -999.000000 -999.000000 -999.000000 -999.000000 -999.000000
0.371402 -999.000000 -999.000000 -999.000000 -999.000000 -999.000000
-999.000000 -0.359356 -999.000000 -999.000000 -999.000000 -999.000000
-0.718585 -999.000000 -999.000000 -999.000000 -999.000000 -999.000000
0.211489 -999.000000 -999.000000 -999.000000 -999.000000 -999.000000
-999.000000 0.545407 -999.000000 -999.000000 -999.000000 -999.000000
-999.000000 -999.000000 -0.497838 -999.000000 -999.000000 -999.000000
-999.000000 0.339468 -999.000000 -999.000000 -999.000000 -999.000000
0.091507 -999.000000 -999.000000 -999.000000 -999.000000 -999.000000
0.031506 -999.000000 -999.000000 -999.000000 -999.000000 -999.000000
-0.218564 -999.000000 -999.000000 -999.000000 -999.000000 -999.000000
-0.448570 -999.000000 -999.000000 -999.000000 -999.000000 -999.000000
-0.678585 -999.000000 -999.000000 -999.000000 -999.000000 -999.000000
-0.807928 -999.000000 -999.000000 -999.000000 -999.000000 -999.000000
-999.000000 -0.451033 -999.000000 -999.000000 -999.000000 -999.000000
-999.000000 -999.000000 0.690561 -999.000000 -999.000000 -999.000000
0.051810 -999.000000 -999.000000 -999.000000 -999.000000 -999.000000
0.192070 -999.000000 -999.000000 -999.000000 -999.000000 -999.000000
-999.000000 -0.542118 -999.000000 -999.000000 -999.000000 -999.000000
-0.738360 -999.000000 -999.000000 -999.000000 -999.000000 -999.000000
-0.598330 -999.000000 -999.000000 -999.000000 -999.000000 -999.000000
-999.000000 -0.652486 -999.000000 -999.000000 -999.000000 -999.000000
-999.000000 0.548589 -999.000000 -999.000000 -999.000000 -999.000000
-999.000000 -0.100087 -999.000000 -999.000000 -999.000000 -999.000000
-999.000000 0.587604 -999.000000 -999.000000 -999.000000 -999.000000
-999.000000 0.293718 -999.000000 -999.000000 -999.000000 -999.000000
-999.000000 0.469217 -999.000000 -999.000000 -999.000000 -999.000000
0.041571 -999.000000 -999.000000 -999.000000 -999.000000 -999.000000
-999.000000 -0.233743 -999.000000 -999.000000 -999.000000 -999.000000
-999.000000 -999.000000 -0.619886 -999.000000 -999.000000 -999.000000
-999.000000 0.577619 -999.000000 -999.000000 -999.000000 -999.000000
-999.000000 -0.134998 -999.000000 -999.000000 -999.000000 -999.000000
-999.000000 -0.770883 -999.000000 -999.000000 -999.000000 -999.000000
-999.000000 -0.302468 -999.000000 -999.000000 -999.000000 -999.000000
-999.000000 0.296118 -999.000000 -999.000000 -999.000000 -999.000000
0.291857 -999.000000 -999.000000 -999.000000 -999.000000 -999.000000
-999.000000 -0.352454 -999.000000 -999.000000 -999.000000 -999.000000
-999.000000 -0.342158 -999.000000 -999.000000 -999.000000 -999.000000
0.431433 -999.000000 -999.000000 -999.000000 -999.000000 -999.000000
-999.000000 -999.000000 -0.217401 -999.000000 -999.000000 -999.000000
-999.000000 -0.201161 -999.000000 -999.000000 -999.000000 -999.000000
-999.000000 -0.660536 -999.000000 -999.000000 -999.000000 -999.000000
-999.000000 0.248812 -999.000000 -999.000000 -999.000000 -999.000000
-999.000000 -0.084951 -999.000000 -999.000000 -999.000000 -999.000000
-0.738259 -999.000000 -999.000000 -999.000000 -999.000000 -999.000000
-999.000000 -0.223436 -999.000000 -999.000000 -999.000000 -999.000000
-999.000000 0.198555 -999.000000 -999.000000 -999.000000 -999.000000
-999.000000 0.228857 -999.000000 -999.000000 -999.000000 -999.000000
-999.000000 -0.457627 -999.000000 -999.000000 -999.000000 -999.000000
0.711393 -999.000000 -999.000000 -999.000000 -999.000000 -999.000000
0.561423 -999.000000 -999.000000 -999.000000 -999.000000 -999.000000
-999.000000 0.064743 -999.000000 -999.000000 -999.000000 -999.000000
-999.000000 -999.000000 -999.000000 -999.000000 -999.000000 -999.000000
-999.000000 -999.000000 -999.000000 -999.000000 0.643001 -999.000000
0.361535 -999.000000 -999.000000 -999.000000 -999.000000 -999.000000
-999.000000 -0.685273 -999.000000 -999.000000 -999.000000 -999.000000
-999.000000 0.096107 -999.000000 -999.000000 -999.000000 -999.000000
-999.000000 -0.701392 -999.000000 -999.000000 -999.000000 -999.000000
-999.000000 -999.000000 -0.555818 -999.000000 -999.000000 -999.000000
