17 0.001129
53 -0.000163
62 0.001343
81 -0.000494
86 0.001501
103 -0.000384
131 -0.003957
154 -0.000601
176 -0.000288
198 -0.000778
222 0.002137
240 -0.001177
266 -0.002239
289 -0.000842
305 0.001019
319 0.000813
355 -0.002146
369 0.001395
393 0.003499
415 -0.001443
476 0.000251
492 -0.000104
507 -0.000964
508 0.002375
524 -0.001405
542 -0.000442
565 -0.001820
571 0.001607
588 0.000024
635 0.000525
657 -0.003809
664 -0.000799
671 0.001163
689 -0.001452
708 0.001272
726 -0.003777
733 0.000958
750 0.000775
768 -0.001153
787 -0.000406
807 0.002953
826 -0.000672
844 -0.000770
880 0.001397
909 -0.000062
916 -0.005223
937 -0.003453
947 0.000342
967 -0.002003
972 -0.001295
995 0.000578
1019 0.000214
1029 0.000659
1035 -0.000289
1049 -0.001070
1053 0.000812
1072 -0.001426
1127 -0.004907
1134 0.001068
1141 0.000526
1163 0.002771
1199 0.000755
1229 -0.000140
1244 0.000502
1260 0.004607
1277 0.002162
1295 -0.003309
1335 0.001496
1357 0.000500
1444 -0.000597
1470 0.000831
1473 0.002068
1509 0.001310
1535 0.002578
1541 0.002255
1546 0.000647
1572 0.000516
1577 -0.000465
1581 -0.000080
1609 0.000944
1618 0.002862
1631 0.000816
1642 0.000388
1650 0.002201
1666 -0.001325
1670 -0.000815
1683 0.001996
1707 0.001135
1744 -0.001020
1750 0.000476
1761 0.000458
1774 0.000858
1790 -0.000436
1800 -0.000016
1821 -0.003542
1824 0.001960
1827 -0.000090
1833 0.010818
1876 0.000798
1919 0.001969
1926 0.001168
1946 0.001752
1986 0.001722
2193 0.002353
