-0.398530 -31.242487
-0.679885 -35.370247
-0.058193 -90.687935
0.198159 -71.556976
-0.318530 -24.868237
-0.754980 -41.511330
-0.769236 -32.887424
-0.121957 -49.233448
0.248654 -39.672997
-0.004462 0.051059
-0.051500 -62.263893
-0.306601 -50.212132
-0.342921 -40.041245
-0.078530 -40.808521
-0.131933 -51.342976
-0.395947 -42.777393
-0.239078 -0.172924
-0.322003 -86.882057
-0.709235 -15.034800
-0.378313 -33.646019
-0.387519 -35.399506
-0.298947 -45.807381
-0.373505 -70.066681
-0.651993 -70.239845
0.467942 -22.052261
0.406070 0.368870
0.329791 -28.752804
0.761470 -30.862347
0.020112 -19.037714
0.649569 -20.024410
0.741470 -25.071367
-0.286805 -35.932957
0.600606 -28.694145
-0.308530 -38.175323
-0.649236 -19.412689
-0.350637 -25.873173
0.635198 -34.276222
-0.228530 -35.741100
-0.442948 -30.231876
0.743473 -85.864128
