-2.276281 -2.276707
-3.086486 -3.087642
-2.071305 -2.073920
-2.055751 -2.055935
-0.377371 -0.378626
0.995735 0.995443
0.981377 0.979288
2.812496 2.812256
-2.610008 -2.611827
0.731424 0.730219
0.352487 0.352075
2.935852 2.934935
1.326834 1.326783
-1.064953 -1.067399
1.760449 1.762050
1.443072 1.440757
-1.458337 -1.458574
1.004654 1.002585
-2.833444 -2.831970
-1.323024 -1.324962
0.877501 0.877319
1.897705 1.897850
1.740856 1.738358
-2.334221 -2.332566
-2.873561 -2.875791
0.402907 0.402545
-0.906035 -0.908465
1.919515 1.919324
1.058736 1.056625
-0.157124 -0.156906
-1.792232 -1.793398
2.288679 2.288748
-2.341414 -2.343649
-0.286571 -0.286141
0.925535 0.922553
2.854281 2.854725
3.090901 3.088567
-1.215446 -1.216934
-2.542482 -2.542905
1.237499 1.237062
1.357500 1.357197
-1.080401 -1.083148
-3.085523 -3.084924
-1.423287 -1.424121
-2.540958 -2.543671
0.220600 0.217526
-2.318563 -2.319086
1.657507 1.657212
2.212505 2.212125
-0.229394 -0.229243
1.945932 1.945063
0.278253 0.275873
-0.652599 -0.651771
-0.568632 -0.568801
2.294303 2.293216
1.563950 1.562019
-1.717546 -1.718003
1.852501 1.852228
1.777521 1.777148
0.652486 0.651100
-1.076961 -1.077570
2.726717 2.725465
2.895613 2.894522
-0.449952 -0.451600
-1.927488 -1.927712
-0.495019 -0.496940
1.507077 1.507315
-1.259979 -1.262020
-0.997578 -0.997521
0.420483 0.418220
0.096411 0.094075
2.103792 2.103980
-3.157542 -3.157982
-1.456090 -1.458258
-1.312526 -1.312756
3.039391 3.037155
-0.070308 -0.068392
0.976721 0.973762
-3.112460 -3.112875
0.167757 0.166234
2.602452 2.602267
-2.176696 -2.178233
0.261100 0.262045
-1.345123 -1.345307
-3.160549 -3.162926
-2.822855 -2.824737
-2.521254 -2.522120
-1.228934 -1.231082
-1.147230 -1.147222
0.465790 0.464718
2.882643 2.879128
-2.008674 -2.009868
2.857504 2.857315
1.203308 1.204190
1.275522 1.274204
1.895898 1.895972
3.128572 3.126458
-2.547939 -2.550781
1.414269 1.413721
1.367741 1.369933
2.667639 2.667138
-3.141530 -3.142430
-1.957498 -1.957491
0.518133 0.516392
1.717490 1.717044
-2.197637 -2.199192
-1.425846 -1.427043
1.293338 1.291098
-1.283904 -1.282242
0.531704 0.530246
3.030362 3.029227
3.049488 3.048474
-2.058082 -2.059234
-1.187105 -1.189504
-2.976208 -2.976949
3.052904 3.052681
-2.841992 -2.843752
-1.742503 -1.745116
-2.540195 -2.542001
-2.935273 -2.935352
-2.287497 -2.287950
1.211086 1.210861
-0.233628 -0.232890
-2.302535 -2.302885
-1.282525 -1.282811
3.133917 3.133453
1.169729 1.167906
0.172524 0.172094
0.892498 0.892192
0.457499 0.457082
1.942631 1.942346
1.535028 1.533532
-0.615095 -0.617447
-1.434315 -1.433692
-1.424901 -1.426479
-1.527703 -1.529109
0.658731 0.657330
2.641122 2.640514
-0.442713 -0.443511
2.058704 2.055532
-2.347505 -2.347902
0.382492 0.382342
-2.317492 -2.317913
3.172523 3.172283
2.342745 2.341128
0.044718 0.042493
-0.413950 -0.412945
-2.793211 -2.795706
-2.011608 -2.013150
-1.164734 -1.164356
2.340628 2.338311
-2.239336 -2.241289
-2.141886 -2.141694
-1.111141 -1.112046
1.762479 1.762001
0.560884 0.559102
0.563934 0.563304
3.039311 3.039029
2.072245 2.069034
0.544196 0.542495
-1.057212 -1.056048
-1.427049 -1.429874
0.990857 0.989639
0.315563 0.314409
-2.752528 -2.753007
-1.327502 -1.327859
-0.069116 -0.068505
1.555692 1.553553
-1.832410 -1.835096
0.494442 0.493882
1.846897 1.844365
0.674922 0.673145
0.367501 0.367142
-1.051275 -1.053673
-2.087175 -2.087683
-0.926671 -0.929057
-2.848290 -2.850401
2.024805 2.024174
-3.070640 -3.070397
-2.007579 -2.008278
-1.324314 -1.327561
3.110038 3.110554
-2.257560 -2.256602
0.517490 0.517243
-2.003771 -2.003290
2.698704 2.698092
-0.871121 -0.873467
0.258021 0.255637
-1.755878 -1.756841
-2.179216 -2.178900
-1.747501 -1.747912
-2.107496 -2.107796
0.370565 0.370967
0.297787 0.296053
-0.180059 -0.180911
-1.998073 -1.998338
0.059319 0.057653
-2.961604 -2.962550
0.233395 0.231533
-2.032505 -2.032765
-2.917462 -2.917623
1.195748 1.194107
2.349128 2.347290
2.591379 2.591244
2.737499 2.737121
0.688853 0.687438
2.582355 2.581633
-0.517218 -0.518771
1.112553 1.108846
2.860249 2.860611
-1.536603 -1.538697
-0.962264 -0.964909
-0.427345 -0.426732
2.821894 2.819789
-1.526296 -1.529411
1.320398 1.320050
-1.076834 -1.079153
-2.293385 -2.294314
-0.260532 -0.259998
-1.458950 -1.460455
0.454069 0.454460
1.555018 1.552461
-0.568259 -0.570693
-2.715391 -2.716610
0.701825 0.700648
-2.182464 -2.182888
-0.283128 -0.284281
0.458033 0.457498
-3.029989 -3.031200
-2.649322 -2.650926
3.067340 3.065387
-2.045925 -2.048317
-1.525918 -1.527901
-2.184543 -2.186463
-0.180898 -0.181011
1.366492 1.364383
-1.904754 -1.903630
-1.702496 -1.702830
0.426629 0.423745
2.670861 2.668505
1.455070 1.453901
1.698154 1.695695
-0.255332 -0.257085
-2.944009 -2.944199
1.901157 1.898851
-0.884957 -0.885555
-1.042500 -1.042885
-1.734602 -1.733335
2.205197 2.204755
-2.097287 -2.100677
-0.317904 -0.317115
0.540388 0.537160
-2.752607 -2.752251
-3.155194 -3.158196
3.051999 3.052115
1.901234 1.897148
1.042885 1.043836
-0.248785 -0.249870
-0.458603 -0.458641
-0.583620 -0.585954
2.831431 2.831007
2.771611 2.771226
-0.344648 -0.345707
-1.507495 -1.507761
-2.587839 -2.587595
-1.473336 -1.474789
-0.967496 -0.967736
-2.287490 -2.287883
-1.244776 -1.246243
2.095775 2.094714
-0.571308 -0.572266
2.307358 2.305759
2.310176 2.308639
-0.162986 -0.161828
0.747995 0.748448
-0.936341 -0.938278
-2.571167 -2.573297
-0.996386 -0.997238
-0.723581 -0.724457
2.237123 2.234560
0.216589 0.216463
0.510012 0.508310
-2.727932 -2.730225
-1.245898 -1.246675
-2.531101 -2.530686
1.487251 1.484235
1.319770 1.319288
1.860157 1.858083
-2.951492 -2.953762
-2.310778 -2.311875
0.534144 0.531853
3.105170 3.105646
2.910044 2.908448
-0.712490 -0.712691
0.324469 0.324823
3.000118 2.998464
2.152507 2.152217
-2.272499 -2.272786
-2.932504 -2.932840
-1.995378 -1.996767
-0.303930 -0.304837
-1.472229 -1.472536
-2.146631 -2.146947
2.528791 2.526750
-1.448448 -1.447852
-3.101450 -3.100317
2.585803 2.584696
-2.831192 -2.831268
-1.138906 -1.140042
0.460072 0.457496
2.796689 2.797186
2.529899 2.534144
-1.457123 -1.459359
-0.557474 -0.558297
3.151865 3.149340
-0.410795 -0.411316
-0.313947 -0.315524
-1.509669 -1.509405
2.589258 2.587272
-1.889912 -1.890399
-1.057497 -1.057758
-0.127487 -0.127859
2.039686 2.037359
-1.740278 -1.740083
2.751230 2.748741
-3.012666 -3.015028
2.620256 2.617764
-2.998747 -2.999526
1.877912 1.876275
2.467499 2.467138
2.872503 2.872205
-0.900239 -0.900469
2.354816 2.353681
0.539908 0.537906
-2.142122 -2.145005
1.165902 1.165756
-1.715743 -1.718033
-0.184907 -0.184532
2.676973 2.675010
-2.651514 -2.651009
0.467395 0.464360
-2.138181 -2.138451
0.847508 0.847244
-2.242516 -2.242924
-0.387794 -0.388226
2.884687 2.882533
-2.894990 -2.896085
-2.242846 -2.243584
0.321018 0.321832
-0.322962 -0.323693
2.296409 2.294266
-1.767439 -1.769596
-1.753734 -1.756047
-1.922265 -1.922480
-0.707008 -0.706416
-2.274445 -2.273536
0.611984 0.610028
1.381107 1.378802
1.861945 1.860271
-3.181734 -3.182399
-1.075574 -1.077832
2.632474 2.632241
0.982494 0.982006
2.317500 2.317115
1.843379 1.842490
-1.072204 -1.073712
-1.125107 -1.126401
2.748554 2.748438
1.845803 1.843466
1.497430 1.493909
-2.994695 -3.001954
1.098791 1.095613
2.301957 2.301993
0.752118 0.748701
-0.144330 -0.146471
1.388551 1.388509
2.338318 2.337518
-1.189461 -1.189247
-0.906733 -0.908627
-2.990281 -2.992276
-2.228591 -2.228018
1.014442 1.013614
0.586618 0.583826
-3.147549 -3.150102
0.327145 0.327849
2.876941 2.875936
-1.408514 -1.409863
1.328430 1.326448
-1.358121 -1.357359
0.937475 0.936806
-1.225391 -1.224979
0.945047 0.944971
-1.128205 -1.129110
3.070176 3.069083
1.547124 1.545323
-2.392484 -2.392627
0.478432 0.478574
-1.560351 -1.561463
-1.918378 -1.920746
-1.365122 -1.366873
-0.157515 -0.157947
-0.726802 -0.726317
-2.817684 -2.820089
1.904052 1.903125
-0.077373 -0.077320
-2.806737 -2.809418
2.184393 2.182440
2.649776 2.650101
-0.295287 -0.295049
-2.715189 -2.717558
-2.299488 -2.302448
-0.194910 -0.195207
-0.289207 -0.292506
-0.150480 -0.151704
1.518430 1.517364
0.592502 0.592244
2.673652 2.672293
-2.585454 -2.588277
0.422136 0.420118
-1.177495 -1.177629
1.376936 1.375541
-1.454160 -1.456653
-0.251070 -0.249829
0.404085 0.404305
0.617777 0.614619
0.658817 0.657552
-1.126386 -1.123343
-2.819116 -2.820896
-0.544570 -0.544135
-0.752839 -0.755859
-1.498315 -1.499135
-2.193899 -2.196097
-1.342496 -1.342665
0.427500 0.427150
0.247502 0.247172
2.602500 2.602148
3.067795 3.068004
2.835555 2.833456
-1.835416 -1.837644
1.081825 1.079797
-1.911009 -1.911003
-1.530297 -1.532538
-0.218411 -0.217685
2.200875 2.197775
0.990198 0.989135
1.224144 1.223123
-1.442500 -1.443073
2.746037 2.744106
1.576039 1.575468
-0.510671 -0.511123
2.151038 2.148771
0.697565 0.698348
-3.127446 -3.127604
-1.313025 -1.312835
-1.334321 -1.336525
2.003899 2.003521
-2.802468 -2.805283
1.509947 1.506458
2.822657 2.819829
2.728564 2.728388
-0.888913 -0.890995
-0.661765 -0.662301
0.375769 0.374191
-0.362033 -0.361112
-0.673693 -0.676143
-2.525624 -2.527508
0.636768 0.637309
-2.156057 -2.158556
1.741906 1.741214
0.206037 0.206202
-0.906141 -0.909625
1.102912 1.099514
-1.342505 -1.342890
2.815454 2.814525
-1.762503 -1.762834
-2.032500 -2.032802
-2.002509 -2.002858
-2.902510 -2.902788
-1.176722 -1.175453
-1.461077 -1.463819
0.126157 0.126276
-2.842541 -2.842987
1.862105 1.860235
2.855100 2.852589
0.402043 0.401761
-1.941856 -1.941988
1.329080 1.327945
-0.982829 -0.985023
-2.222634 -2.223654
1.105411 1.103600
0.645809 0.644771
2.940791 2.938332
-2.638157 -2.639204
0.709926 0.706422
2.819328 2.817371
2.923398 2.921805
1.493818 1.491260
0.889656 0.889191
0.459200 0.456794
-0.669020 -0.668937
-1.108717 -1.110817
-1.883586 -1.883749
2.317672 2.316660
1.829148 1.827440
0.301076 0.300308
-3.022435 -3.022569
-0.187521 -0.187962
-0.392727 -0.394448
-2.699670 -2.701922
0.689789 0.687242
-1.098088 -1.102599
2.844265 2.844733
-2.780638 -2.784153
1.845270 1.842947
1.184350 1.183450
-0.433860 -0.435341
1.462497 1.462217
2.190506 2.187296
2.493047 2.491091
-0.637993 -0.638581
-2.717689 -2.723926
-1.085958 -1.085678
-3.157509 -3.157852
0.904169 0.901367
-1.982993 -1.982873
-2.183199 -2.183089
1.932358 1.929394
-2.987902 -2.991271
-0.492628 -0.489479
-1.111616 -1.114599
-2.278269 -2.278995
2.764087 2.762718
-1.822502 -1.822840
-2.252502 -2.253561
1.657516 1.657359
-2.152502 -2.152864
1.086688 1.086850
-0.380114 -0.382662
-2.322249 -2.324806
-2.322242 -2.324785
-1.273128 -1.274415
0.991492 0.990507
0.110889 0.109061
1.231733 1.230456
1.373031 1.370823
-3.036079 -3.035697
2.218245 2.216974
2.647512 2.647342
1.972502 1.972074
-1.240191 -1.241592
-2.875834 -2.873342
-1.413521 -1.413550
-2.284209 -2.284950
-0.225328 -0.227057
1.432470 1.432128
-2.871919 -2.873745
-2.175569 -2.175716
-2.991450 -2.994649
-1.314898 -1.314412
1.273222 1.270599
-1.500565 -1.501302
2.932495 2.932149
-1.507581 -1.508230
2.253513 2.250946
-1.169675 -1.170717
0.045993 0.044496
-1.784176 -1.785607
1.177928 1.174635
-0.432349 -0.433753
1.213943 1.210797
-2.048577 -2.049269
2.690299 2.690353
2.792323 2.789892
-1.687485 -1.687864
1.826222 1.828954
2.503392 2.503538
1.547156 1.544609
-1.432550 -1.433163
0.944184 0.943576
-0.725652 -0.725185
-2.477970 -2.479539
0.285112 0.283251
1.116640 1.117107
2.505274 2.503129
-2.592833 -2.593448
-0.877494 -0.877877
-1.706788 -1.709310
2.565013 2.564137
0.910361 0.910376
0.135775 0.134917
0.055161 0.053377
-0.226091 -0.226594
0.747802 0.747202
-2.621947 -2.624161
0.886719 0.883644
-2.649557 -2.650326
-1.852467 -1.852352
0.221929 0.219380
-0.352498 -0.352822
-0.067500 -0.067868
0.147024 0.146221
-0.217500 -0.217818
-0.727497 -0.727827
-1.956978 -1.957020
-2.745114 -2.747300
1.357499 1.357103
1.402532 1.402361
-1.702484 -1.702736
-0.368013 -0.370798
-0.689125 -0.692726
-1.898801 -1.900534
-1.662887 -1.666853
-2.795419 -2.797735
-1.086551 -1.086896
-0.298588 -0.300996
0.637126 0.633973
2.822447 2.820960
-0.302528 -0.305241
1.147522 1.147256
-0.262481 -0.262883
-2.730630 -2.732939
2.169063 2.170717
2.178803 2.176220
-0.571336 -0.572942
2.542474 2.542355
-1.837500 -1.837811
-1.792500 -1.792812
1.853886 1.852020
1.693152 1.691320
2.025043 2.024360
-2.615532 -2.619661
0.666346 0.666604
1.536496 1.535312
-0.602373 -0.603012
-1.906971 -1.907487
0.170011 0.167592
-0.644972 -0.646271
-2.810530 -2.810117
3.106487 3.103950
-1.536801 -1.536385
1.936460 1.934632
2.482306 2.481427
0.984062 0.980590
-2.118333 -2.119846
-1.012956 -1.013109
-2.091356 -2.093094
-2.151893 -2.152097
2.153419 2.151341
2.661408 2.662234
2.752498 2.752157
-1.707217 -1.709526
2.517915 2.517532
2.052812 2.052239
-1.357104 -1.357055
-1.094992 -1.097372
-2.535994 -2.536704
0.317769 0.315597
2.966373 2.963925
-2.151168 -2.151045
0.150725 0.148339
3.111974 3.112473
-0.162562 -0.165589
2.984135 2.982337
1.549774 1.545117
-2.620169 -2.619185
1.900533 1.898038
-0.130304 -0.132841
-0.141279 -0.141093
0.891358 0.891125
-2.684590 -2.686925
-1.049547 -1.050927
-1.159776 -1.162805
-3.098002 -3.099908
-2.734247 -2.734833
2.305484 2.303033
0.540025 0.538214
-1.110592 -1.111324
-0.412154 -0.413371
0.159001 0.158883
-0.583534 -0.585783
0.948583 0.950521
-2.192816 -2.194360
0.337526 0.338598
0.121128 0.118958
-1.501714 -1.502731
2.889627 2.886746
2.189097 2.188575
1.510696 1.511035
0.599451 0.597147
-1.048015 -1.049112
2.129355 2.126833
-1.557858 -1.558472
-0.628905 -0.630032
-0.937511 -0.937762
1.563017 1.559929
-2.742915 -2.744256
0.435658 0.434993
3.075288 3.072811
-1.447499 -1.447772
-0.682499 -0.682850
-2.317540 -2.318071
-0.691435 -0.691916
-2.886986 -2.890052
-2.378139 -2.377596
-0.162943 -0.165313
-2.194238 -2.197089
2.647462 2.646864
0.986262 0.986245
-3.077324 -3.078319
1.534027 1.532017
3.055099 3.054081
0.425716 0.423944
-2.515078 -2.513991
-2.187601 -2.188228
0.084685 0.081656
2.850583 2.847987
-1.330135 -1.332747
1.482664 1.483539
-1.834901 -1.834287
-0.716683 -0.716875
-0.126991 -0.128600
-0.877503 -0.877901
0.667498 0.667271
2.959062 2.964090
-0.924309 -0.924959
0.934571 0.933157
1.677005 1.675533
0.996692 0.996458
-2.766560 -2.767569
0.900732 0.898431
-3.174164 -3.173479
-2.643541 -2.646405
0.945112 0.944269
-2.110287 -2.110277
2.803409 2.804150
1.267578 1.264890
3.020703 3.022265
3.158154 3.157002
-0.280320 -0.280374
-0.446175 -0.445840
-0.329129 -0.331692
1.089957 1.087774
2.744859 2.743524
-2.030020 -2.032488
1.683706 1.683441
2.291323 2.290455
-0.945528 -0.947794
1.085627 1.086767
-2.699693 -2.700431
0.352497 0.352205
1.036013 1.036869
2.632501 2.632194
2.377503 2.377185
-2.515645 -2.515018
-2.346063 -2.348044
2.070300 2.069508
2.370748 2.368723
-1.417497 -1.417755
-0.142477 -0.142847
2.762777 2.760468
-0.086049 -0.085080
2.287948 2.286665
1.063349 1.063693
0.422148 0.420496
-1.849056 -1.849977
-1.357525 -1.358215
2.503223 2.502512
-2.803358 -2.804996
-3.083488 -3.082403
2.122491 2.122296
-2.797499 -2.797897
-1.903612 -1.905328
2.186520 2.185813
-1.162494 -1.162866
-2.311345 -2.313301
-2.167496 -2.167799
-2.797497 -2.797841
-2.006057 -2.008405
-2.242513 -2.242892
-2.939965 -2.941122
0.881039 0.880720
-3.048498 -3.049692
1.250283 1.244400
0.646325 0.645573
-2.857502 -2.857806
-2.092243 -2.095750
2.518961 2.518154
-2.073143 -2.075776
1.740903 1.739892
-3.115054 -3.116410
0.361940 0.358841
-2.057721 -2.059133
-1.737995 -1.740288
0.512991 0.510796
-1.891578 -1.892283
1.935603 1.933264
-0.289304 -0.289684
-1.442232 -1.444131
1.848953 1.849764
-1.140181 -1.143275
-1.831156 -1.831936
-0.177541 -0.179768
-3.007724 -3.009651
0.555316 0.554712
3.062044 3.060412
0.420989 0.416736
-2.872509 -2.872995
0.262494 0.261919
-2.624959 -2.626842
-1.797954 -1.798649
1.050132 1.047795
-2.144715 -2.146333
3.053590 3.053627
2.650032 2.647592
0.330578 0.328096
-0.518486 -0.518381
1.934862 1.932571
-2.557979 -2.558018
0.664945 0.665197
-1.776883 -1.776746
0.692128 0.689942
-1.987395 -1.988553
-2.168100 -2.168629
1.832653 1.830179
-1.442897 -1.443441
-2.020780 -2.019460
-2.362137 -2.363972
-1.912493 -1.912877
1.867504 1.867390
-2.506420 -2.508942
-0.772511 -0.772836
-0.157504 -0.157851
0.414397 0.411899
-2.306757 -2.309069
3.152355 3.150206
-3.067445 -3.067576
0.402937 0.401619
-0.166867 -0.166856
1.954389 1.952024
2.775008 2.773563
-0.578293 -0.580650
0.666993 0.663844
1.703163 1.702417
-1.143869 -1.145295
-0.766102 -0.766700
1.217710 1.214778
2.664429 2.662214
-2.839333 -2.839105
1.492156 1.491582
-0.921113 -0.923217
-0.553635 -0.554866
1.657512 1.657308
2.197060 2.195797
2.656795 2.654291
0.427495 0.427242
-1.463767 -1.465823
-1.942281 -1.942228
-0.696575 -0.696139
3.008332 3.006881
2.774695 2.774094
2.129418 2.129004
1.311217 1.311534
0.128224 0.124745
-1.772954 -1.773408
0.961417 0.959091
0.232937 0.231487
2.620895 2.620500
-2.887475 -2.889385
2.072236 2.069286
-1.098524 -1.098780
2.152533 2.152046
2.280759 2.279629
-0.547498 -0.547922
0.190928 0.189361
-1.731859 -1.731683
-0.900087 -0.900978
-0.130080 -0.132535
-1.794036 -1.793220
-1.874534 -1.876621
0.156046 0.156106
1.249663 1.247277
2.051920 2.050485
-3.069506 -3.068824
0.487500 0.487173
0.712499 0.712198
0.907490 0.906964
-1.249210 -1.250766
1.244889 1.244342
-0.944959 -0.947583
-1.432500 -1.432901
-2.688143 -2.691220
-0.757514 -0.757758
1.329108 1.329326
1.911456 1.909619
1.492500 1.492183
1.784790 1.782401
-1.325198 -1.327664
-0.299903 -0.300736
1.437268 1.434868
0.085993 0.083816
-0.646507 -0.646877
1.010931 1.011006
-2.997425 -2.998872
0.427503 0.427146
1.537495 1.537195
-3.122953 -3.125800
2.326633 2.324331
-1.702500 -1.702803
-1.447500 -1.447821
-2.762857 -2.765332
0.941472 0.941366
-0.510273 -0.513249
-1.311526 -1.310222
1.753943 1.753107
3.149249 3.145706
1.732500 1.732188
1.687500 1.687116
-0.999570 -1.000385
1.678337 1.677577
0.572279 0.571078
-2.920300 -2.919675
2.274511 2.272526
-2.341113 -2.341795
0.727256 0.727450
-0.636801 -0.638544
0.367525 0.367045
-2.130001 -2.131106
-1.988935 -1.988680
2.196922 2.197260
-2.932068 -2.933824
-1.378669 -1.378859
0.219401 0.217167
2.317538 2.317188
2.302137 2.299823
2.845232 2.844379
1.537488 1.537043
-1.182422 -1.184070
0.919591 0.918192
0.741816 0.742257
0.301038 0.299890
1.489232 1.491513
2.820791 2.820307
-2.083258 -2.086615
-1.095301 -1.096746
-2.821234 -2.821968
2.511398 2.511715
-3.053700 -3.055507
0.464994 0.464721
-0.069485 -0.071464
1.224866 1.222443
1.014591 1.012896
1.183137 1.181395
-3.141595 -3.142329
-0.377513 -0.377714
1.802528 1.799382
3.022508 3.022146
2.122505 2.122197
-2.380530 -2.380893
-2.700561 -2.702744
-0.442505 -0.442722
-2.212503 -2.212944
-0.883894 -0.886235
-2.024623 -2.025366
-2.341491 -2.342447
1.032969 1.032116
1.117303 1.115301
2.038129 2.038322
3.149396 3.148833
-2.733933 -2.734126
-0.412998 -0.416180
2.751944 2.752366
0.427492 0.427275
-1.327496 -1.327886
1.957487 1.957149
2.767478 2.767201
-2.310851 -2.311805
1.912533 1.910993
0.044815 0.043456
3.127554 3.127113
-0.283832 -0.286734
1.811013 1.808616
-2.332472 -2.332825
2.932491 2.932114
2.857501 2.857193
3.022501 3.022068
-1.701113 -1.702196
-2.098715 -2.101486
-0.266804 -0.266885
2.730601 2.727744
2.661781 2.662282
1.287451 1.285015
-2.994174 -2.994635
-0.503587 -0.505241
-0.589970 -0.590222
-0.419851 -0.420314
-2.684132 -2.686738
2.980470 2.980801
-1.342007 -1.345076
-2.122505 -2.122762
-1.140218 -1.142106
0.388950 0.389018
0.424520 0.423055
1.852218 1.851801
-1.370055 -1.373624
-1.870313 -1.872802
-2.879376 -2.879805
3.007051 3.005148
-0.477424 -0.478772
2.513194 2.511517
-2.251225 -2.252010
-1.306914 -1.308334
2.985437 2.984315
0.052666 0.050572
-0.291241 -0.293052
-0.160307 -0.161705
-3.003230 -3.003001
-0.391120 -0.392514
3.074004 3.073916
-1.528554 -1.530740
-1.011854 -1.011874
-1.748752 -1.750651
-0.185499 -0.185028
1.163460 1.161515
-2.121979 -2.121449
1.969432 1.969985
-1.076186 -1.076359
-3.082506 -3.082803
-2.782501 -2.782884
-2.767500 -2.767805
-2.527502 -2.527878
2.737545 2.737326
2.085006 2.082732
0.633138 0.632263
2.780825 2.782057
1.709241 1.707638
2.917795 2.918526
-0.678473 -0.678570
-2.512511 -2.512759
-0.398295 -0.398320
-0.595569 -0.598162
-0.173237 -0.174593
-2.304453 -2.303526
2.940186 2.939070
-2.673040 -2.676945
2.634669 2.631773
-0.909987 -0.909294
2.572500 2.572189
0.924730 0.924245
3.153913 3.157516
-2.640280 -2.641251
-0.116936 -0.119926
2.736030 2.736917
-2.954737 -2.957634
-0.606199 -0.607924
-0.083600 -0.083259
2.866719 2.865235
1.153841 1.152012
-2.507643 -2.508253
-1.339630 -1.340315
1.504445 1.504365
-1.990427 -1.990794
2.304372 2.301947
-1.209175 -1.209054
0.456769 0.455594
-0.422471 -0.422822
-0.667491 -0.667911
-2.572486 -2.572687
-0.765353 -0.765957
0.503014 0.501607
0.922920 0.922272
2.956532 2.954011
2.819177 2.818852
-1.214326 -1.215781
1.961951 1.962088
0.607502 0.607140
1.282497 1.282159
-2.817391 -2.819606
-3.165770 -3.166169
-1.920751 -1.921790
-1.529231 -1.531989
-0.193155 -0.195943
1.515373 1.512974
-2.701900 -2.702469
2.307723 2.307199
2.154536 2.151982
1.006372 1.005563
1.972503 1.972237
-0.634212 -0.635055
2.595704 2.594634
-0.742492 -0.742868
-2.302487 -2.302736
-2.646690 -2.648335
-2.183755 -2.183259
1.319593 1.318008
-2.812500 -2.812836
1.170514 1.170207
0.204318 0.201941
1.799615 1.799212
-0.650803 -0.652985
-2.236336 -2.236713
-0.682507 -0.682919
2.275532 2.275251
-0.922688 -0.924505
-1.696704 -1.693644
2.621142 2.619076
0.756343 0.756733
2.819994 2.818869
0.191956 0.190134
0.418489 0.416600
1.507491 1.507015
-0.037492 -0.037768
-1.717512 -1.717901
1.477575 1.477641
2.968065 2.965755
-2.248561 -2.249419
-0.847499 -0.847846
0.104590 0.103465
0.919598 0.919763
-1.027152 -1.026858
1.191734 1.192015
1.754834 1.753188
-3.032606 -3.032828
1.982657 1.983382
2.729309 2.727053
1.491760 1.492051
1.898047 1.897947
-0.248959 -0.249581
-0.653831 -0.654814
-3.046504 -3.047270
2.024291 2.022086
2.153234 2.153949
1.981582 1.979127
-0.379870 -0.380079
2.830135 2.827419
1.023231 1.022510
1.806406 1.805121
-2.887495 -2.887655
-0.687242 -0.688855
-1.826559 -1.828408
-2.105882 -2.107934
-2.554098 -2.556550
-2.947502 -2.947868
2.542480 2.542220
2.475652 2.473099
-0.686659 -0.689815
-0.534115 -0.534750
-1.162964 -1.164565
2.727595 2.727116
0.482800 0.482184
0.585481 0.584115
0.630494 0.628028
0.622961 0.621225
1.226660 1.226133
-3.052511 -3.052357
3.155618 3.154046
2.537037 2.534581
0.244785 0.244705
0.148018 0.145384
0.704269 0.703780
1.470242 1.468026
1.022355 1.020017
-0.371188 -0.372893
2.011170 2.008510
-0.140413 -0.143270
1.715294 1.713696
-1.087487 -1.087927
-0.554173 -0.556417
0.139646 0.139549
2.199696 2.197697
2.592523 2.592075
-0.511314 -0.511151
2.805856 2.803989
1.503289 1.502479
2.266127 2.262892
0.117139 0.115201
0.226082 0.225004
-1.907669 -1.908786
-1.072492 -1.072803
-0.179301 -0.180356
0.332122 0.329787
-0.475414 -0.476667
3.101276 3.101114
-0.230002 -0.229995
1.974490 1.972217
0.277518 0.277366
-2.307510 -2.309140
-1.992476 -1.995896
-1.681990 -1.682455
-1.358314 -1.358178
-3.184552 -3.186132
2.539481 2.539214
1.160070 1.158518
-0.990255 -0.990479
0.388725 0.388123
0.990008 0.989776
0.599394 0.599961
1.667571 1.664605
-2.647480 -2.647924
2.557497 2.557271
-1.979953 -1.982680
2.818671 2.818026
-2.923082 -2.924581
2.099271 2.098988
1.067173 1.064598
0.696500 0.696444
1.727938 1.726167
-2.205190 -2.206255
1.012513 1.012285
-0.764175 -0.766035
2.322871 2.322142
0.919146 0.919177
-2.864669 -2.865236
1.992813 1.992373
-0.350315 -0.352475
2.132444 2.130363
1.954345 1.951559
-0.907476 -0.907617
-2.831501 -2.831344
0.674526 0.672079
1.066506 1.065837
1.966203 1.963909
-1.468189 -1.471241
1.309618 1.310328
-3.071040 -3.073587
1.019480 1.016786
0.360730 0.359903
-2.058378 -2.059089
0.762047 0.761421
-0.629336 -0.631116
1.831003 1.828234
2.831849 2.832751
-2.269225 -2.270609
3.142499 3.142173
2.861293 2.860986
0.202482 0.201993
-2.017787 -2.017664
2.743510 2.740926
-2.087908 -2.088803
1.560699 1.559097
-0.967480 -0.968069
-1.072521 -1.072934
1.912499 1.910143
-2.332520 -2.332818
2.132167 2.131289
0.112503 0.112057
2.628577 2.627871
-1.567917 -1.569999
-0.384220 -0.385280
-2.069238 -2.071579
-2.062943 -2.062439
-2.109309 -2.108443
0.298258 0.295226
-0.893860 -0.894228
-1.267484 -1.267719
-0.227096 -0.227785
-2.209675 -2.212641
-1.132510 -1.132946
-2.842501 -2.842796
-2.212507 -2.212573
-2.332480 -2.334731
0.939876 0.936996
-1.745546 -1.747257
-3.128579 -3.129276
-2.211717 -2.211684
-2.522218 -2.522067
3.061243 3.058909
2.548148 2.548090
1.111276 1.108912
2.521389 2.519329
-2.668755 -2.671021
1.834969 1.834859
3.079133 3.076548
-0.657535 -0.658434
2.276903 2.275388
0.501444 0.498872
-0.197198 -0.197917
-1.125109 -1.126113
2.287502 2.287255
0.673431 0.672709
-1.840177 -1.839622
2.902990 2.901681
3.181288 3.180611
1.499178 1.495313
2.107501 2.107161
1.898081 1.897634
2.231472 2.230183
-2.233458 -2.235807
0.389910 0.387545
-1.349060 -1.349604
-0.286442 -0.285730
0.103336 0.102291
2.832426 2.829756
1.044329 1.040829
3.127959 3.125818
-2.157490 -2.160090
-1.239600 -1.239250
-2.195420 -2.197639
1.979842 1.978546
0.982745 0.980453
-0.149645 -0.150400
-1.039551 -1.041588
0.124820 0.125423
2.848033 2.848196
3.147199 3.145388
-0.915084 -0.917118
1.860181 1.859269
-0.853598 -0.855542
2.487730 2.486930
1.582519 1.582395
-3.088587 -3.088172
-2.122502 -2.122861
-1.952282 -1.949859
3.012568 3.011253
-1.388860 -1.388808
2.354269 2.351577
-0.488273 -0.486335
0.365542 0.365691
-3.028550 -3.031350
-1.982430 -1.983379
0.225882 0.222961
2.162660 2.161557
1.372768 1.370535
0.367364 0.368320
1.019089 1.016514
-1.304492 -1.306748
2.166946 2.167252
-1.293489 -1.292899
2.820637 2.817796
-2.872494 -2.872883
-1.461309 -1.462934
0.487482 0.487521
2.677459 2.677327
-1.451538 -1.454001
-1.481532 -1.484152
2.783571 2.781942
-0.046859 -0.052705
-1.017738 -1.020197
1.477669 1.477880
-0.320903 -0.323220
-2.020555 -2.019698
-2.273550 -2.275993
1.506106 1.507079
2.683755 2.683004
-2.115635 -2.115809
-2.113463 -2.115911
1.737141 1.735253
0.860405 0.860021
1.902292 1.899972
1.257306 1.257114
2.611611 2.610831
0.513941 0.514580
-1.175427 -1.178023
0.727491 0.727130
-0.277511 -0.277772
1.297385 1.295534
1.927114 1.927078
-2.291840 -2.293990
1.430001 1.431708
1.347022 1.347608
-1.730683 -1.730084
-3.166212 -3.166314
-1.915909 -1.918662
-2.056239 -2.058717
1.198714 1.196752
2.818779 2.817918
-1.297482 -1.297530
2.595906 2.594026
3.174614 3.172109
1.193708 1.191798
-2.265024 -2.266908
0.982831 0.983784
-0.203243 -0.207105
-1.801959 -1.802630
-2.241755 -2.243143
1.849188 1.849188
-0.909173 -0.909665
-2.581821 -2.583225
-1.558471 -1.560434
1.937470 1.935795
-0.423337 -0.425132
1.992411 1.991917
0.609883 0.610404
3.195209 3.192921
-0.142493 -0.142701
-2.782808 -2.782677
-1.302340 -1.303232
0.376415 0.374123
1.497008 1.496854
-2.880463 -2.881640
-3.116142 -3.118753
-0.174414 -0.174815
-2.578429 -2.581085
2.535896 2.533674
1.333887 1.332747
3.160286 3.158545
3.001218 2.998793
2.180057 2.179664
-0.156824 -0.156690
-0.439933 -0.442113
-2.947171 -2.949161
-0.084666 -0.084713
1.663516 1.662748
-1.432515 -1.432749
1.567479 1.567343
-1.447485 -1.447907
-0.337957 -0.337717
-3.166592 -3.167471
1.538612 1.538506
1.160309 1.159033
-2.587481 -2.587708
2.477189 2.474643
-0.283743 -0.285622
-1.027925 -1.029695
1.475371 1.476546
0.679410 0.678608
2.542512 2.542152
2.587532 2.587264
1.567510 1.566972
-1.003167 -1.004390
1.217141 1.215939
2.262097 2.260146
1.271160 1.270179
-0.569906 -0.571182
1.912491 1.912123
0.526808 0.526712
-0.934911 -0.936945
2.915435 2.916086
-1.574041 -1.575960
-1.888160 -1.890694
-2.508082 -2.514042
1.025432 1.025974
-0.326883 -0.329151
2.949166 2.949452
-2.710975 -2.710729
-2.017498 -2.017743
0.880091 0.880269
-1.754987 -1.755431
-0.659664 -0.661739
2.019774 2.017690
0.952925 0.949538
1.874512 1.872244
1.057495 1.057155
-3.067111 -3.068811
-1.761243 -1.761540
1.312500 1.312291
2.992493 2.992101
-1.895194 -1.896235
-1.485985 -1.486558
0.156765 0.154928
0.288776 0.288971
-0.218144 -0.219130
2.709145 2.707216
-0.463018 -0.465557
-0.220299 -0.217657
-0.292503 -0.292877
0.652491 0.652225
-0.412500 -0.412861
-0.382500 -0.382817
-1.844318 -1.844846
-3.183564 -3.185279
-2.571866 -2.572026
-2.283203 -2.284319
1.009396 1.007273
0.236637 0.238733
-0.213996 -0.217830
2.058088 2.055156
-3.085649 -3.086668
-2.871961 -2.871999
1.176132 1.176023
-3.142500 -3.142813
-2.826268 -2.829252
-0.157048 -0.155762
1.197888 1.196327
-1.537545 -1.537627
-1.792603 -1.793042
-1.306639 -1.307301
2.577879 2.578367
1.734534 1.732230
-3.150002 -3.150216
0.169373 0.168003
0.934114 0.933252
1.888044 1.887711
1.678952 1.676275
-0.946421 -0.949490
-2.062497 -2.062744
-0.116828 -0.118965
2.092497 2.092166
2.647491 2.647190
-3.061975 -3.063728
0.396082 0.396761
-1.346181 -1.348223
-0.947370 -0.948279
1.985605 1.985010
1.402507 1.402314
-3.150737 -3.152317
-2.507741 -2.510052
1.310706 1.308650
-1.073333 -1.073020
-2.877557 -2.880843
2.722529 2.722278
-2.902489 -2.902840
2.078461 2.076518
0.305000 0.304633
1.454376 1.452749
0.127502 0.127190
-0.555539 -0.558722
0.527487 0.524771
1.302393 1.301429
0.900039 0.899298
2.034786 2.032237
-1.974479 -1.974542
-2.033104 -2.032604
-2.225778 -2.228215
1.940949 1.938055
1.303739 1.303494
-1.221607 -1.223972
2.873371 2.871644
-2.132820 -2.134274
-0.757370 -0.758348
-1.720103 -1.716597
3.083895 3.080600
-0.281168 -0.281785
2.107499 2.107158
0.069238 0.070593
2.309711 2.309149
-2.577900 -2.580025
-2.154404 -2.156029
-0.221877 -0.222777
0.599454 0.599606
-1.678822 -1.681264
0.654297 0.652122
2.547451 2.546404
-2.921747 -2.923310
-3.195639 -3.197743
0.455338 0.455250
-1.730009 -1.732164
-1.087497 -1.087820
-1.816940 -1.818849
-0.557365 -0.557889
-0.219114 -0.217468
1.325976 1.324078
0.247495 0.247200
-0.187501 -0.187834
1.990043 1.987862
1.988108 1.987966
1.113455 1.110582
1.353849 1.354440
0.406555 0.405593
1.066208 1.063694
1.996413 1.992852
0.946745 0.944298
2.043468 2.044811
-2.889577 -2.891340
0.191252 0.190170
-2.242483 -2.242640
-0.880197 -0.881834
2.807715 2.805406
1.480431 1.478452
-0.608278 -0.607982
-1.957228 -1.959856
2.675952 2.675666
2.534856 2.532759
0.952474 0.952025
-2.077514 -2.077610
1.753887 1.753489
-3.160653 -3.160944
-2.591421 -2.593204
1.963963 1.962135
0.916325 0.915375
1.930020 1.927583
-2.076234 -2.078040
-1.370420 -1.373304
0.381235 0.381951
-0.637496 -0.637893
0.097502 0.097201
-2.482497 -2.482927
2.013391 2.012130
0.218757 0.218348
-2.595797 -2.597042
-1.136575 -1.139401
2.149338 2.147369
-2.302500 -2.302880
-1.837501 -1.837835
1.225567 1.225793
1.242321 1.240384
-2.730183 -2.731562
-1.524716 -1.525757
-0.631473 -0.631902
-2.370067 -2.371370
0.314427 0.312245
-1.042724 -1.045894
0.090367 0.090534
1.926207 1.925972
-0.545777 -0.547830
-0.353364 -0.352503
1.111222 1.109054
-1.292359 -1.293234
1.052477 1.050036
-2.472434 -2.474404
-1.482662 -1.485361
2.996178 2.994905
-0.913595 -0.916263
-0.620029 -0.620354
1.917571 1.917328
0.583202 0.582724
-1.762198 -1.764534
-0.521408 -0.523888
2.148796 2.146209
-0.176247 -0.176651
2.926107 2.924476
-1.764970 -1.765077
2.153371 2.151578
-1.177496 -1.177976
2.116331 2.115117
1.504935 1.503200
1.998925 1.999072
2.049602 2.049948
1.447804 1.446073
-2.533812 -2.536183
-2.862636 -2.859531
-1.672500 -1.672861
-1.852500 -1.852807
-2.626660 -2.628582
-2.872783 -2.872954
-2.069121 -2.071701
-1.403129 -1.403383
-3.129757 -3.128358
-1.362354 -1.365304
-0.375106 -0.375604
2.982125 2.980581
-2.728704 -2.729751
1.072499 1.072121
-0.540511 -0.541880
-2.727760 -2.728460
0.322511 0.322247
0.277512 0.277096
-0.974739 -0.975822
0.297049 0.296867
3.026078 3.025365
2.297146 2.294910
1.578405 1.576261
-1.498035 -1.501432
3.122961 3.120549
-0.072332 -0.074114
0.471246 0.470117
0.569751 0.568598
1.763332 1.761613
1.435038 1.435954
-2.347518 -2.347899
2.482504 2.482099
2.827502 2.827121
-1.955603 -1.957941
-0.649988 -0.652260
0.412611 0.413053
1.691967 1.691665
-0.509909 -0.511409
0.316236 0.313384
-2.879206 -2.880147
1.350206 1.347785
2.129612 2.129151
3.023602 3.021681
-1.494930 -1.494285
-2.896601 -2.898326
-1.048338 -1.049672
3.166221 3.165638
-1.110168 -1.112170
0.516163 0.517060
-3.165358 -3.166578
-1.439707 -1.441531
-0.355327 -0.355635
-2.700020 -2.701888
-0.103585 -0.105689
-1.504572 -1.507352
-1.215309 -1.217337
2.713093 2.712293
1.208108 1.205184
2.688016 2.686206
-0.067498 -0.067845
-0.577496 -0.577795
-2.182558 -2.183169
-1.998299 -1.998717
1.448478 1.446691
-0.314590 -0.316895
0.233985 0.231316
2.332758 2.331751
1.084943 1.085576
-0.889661 -0.891933
1.319609 1.319639
-0.644484 -0.646471
-0.917710 -0.919152
2.937635 2.936933
2.557498 2.557537
-0.393562 -0.393871
0.717270 0.715643
-0.847480 -0.847909
-1.987499 -1.987751
2.790457 2.789717
1.828935 1.826627
-0.219281 -0.219796
-2.160236 -2.162032
2.624352 2.623150
-1.762511 -1.762904
2.370111 2.369036
0.097490 0.096995
-1.275717 -1.277116
-1.013605 -1.012709
-2.587091 -2.589805
-2.047521 -2.047612
1.064749 1.062686
-2.086699 -2.088616
-2.699223 -2.701927
-1.318042 -1.320477
-0.178788 -0.180589
-2.296274 -2.298594
2.722039 2.722540
0.900300 0.899457
0.171828 0.169549
1.708074 1.707562
-1.737193 -1.739605
-0.367497 -0.367906
-1.132496 -1.132773
-2.688378 -2.689205
-0.481058 -0.483514
-0.412506 -0.412753
1.042493 1.042110
-2.531070 -2.537376
-2.550620 -2.551574
2.100440 2.099736
-2.740333 -2.739682
0.607496 0.607144
-0.352490 -0.352771
0.182293 0.179663
-2.694901 -2.694732
2.867701 2.865179
-2.116414 -2.116310
1.948758 1.948334
2.680139 2.681419
2.057645 2.055978
-0.403975 -0.406080
-0.475794 -0.477317
-2.715118 -2.717175
0.720836 0.719979
-0.634637 -0.637333
-0.172503 -0.172913
-1.407637 -1.410142
-0.571501 -0.572161
-1.746904 -1.748641
3.072870 3.071037
-2.827160 -2.827237
1.290573 1.288976
-1.808637 -1.808404
-2.010846 -2.012712
2.800163 2.800675
1.510853 1.508693
2.130423 2.130254
-1.414052 -1.415735
2.782524 2.782387
-0.353624 -0.352840
-1.117631 -1.117215
2.497489 2.497241
1.506478 1.507305
-0.631281 -0.632047
0.061701 0.060589
0.367657 0.364251
1.978730 1.977166
1.717271 1.716642
1.925045 1.923465
-0.322495 -0.323177
-0.675455 -0.677330
1.356733 1.357197
-1.703543 -1.703687
-1.533406 -1.535802
-1.159771 -1.162641
-0.398973 -0.398410
-0.634548 -0.636687
0.219657 0.217791
2.078604 2.079081
3.058896 3.059907
1.190012 1.190776
0.410152 0.408210
2.073832 2.071993
3.013929 3.011095
-1.960266 -1.957941
0.675679 0.675046
1.340022 1.338645
-0.487502 -0.487824
-1.507486 -1.508005
-2.977512 -2.977829
0.907497 0.907170
0.510506 0.511512
2.949271 2.946882
-1.042766 -1.041509
-0.349966 -0.352643
-1.034470 -1.034882
0.148070 0.146392
-2.006664 -2.008661
-0.172110 -0.172132
2.317500 2.316875
2.085268 2.084188
-1.313283 -1.315434
-1.013294 -1.013201
1.747506 1.747082
-2.347497 -2.347647
-0.524313 -0.526636
1.457927 1.460664
-0.928726 -0.931075
-1.774637 -1.774109
1.468800 1.467282
-2.048907 -2.049464
2.902497 2.902246
-0.513794 -0.517430
2.950432 2.947432
0.562512 0.562321
2.670258 2.669268
-2.039798 -2.041948
-1.420799 -1.422073
-0.299374 -0.301401
-1.396830 -1.396653
2.882768 2.881919
-2.298676 -2.299074
0.772543 0.772161
-1.992492 -1.993959
2.677463 2.677243
0.152854 0.150184
0.394315 0.392415
-0.662427 -0.663395
-2.917316 -2.918807
-0.321273 -0.321854
-0.094491 -0.097545
-2.804737 -2.807594
2.874060 2.875429
1.720499 1.719907
0.751723 0.749109
2.826798 2.824991
-0.560208 -0.562793
0.363972 0.363937
-1.303197 -1.305596
-0.607500 -0.607811
-0.584960 -0.583536
1.477439 1.477350
-2.385714 -2.387250
1.452078 1.451137
-1.312411 -1.312826
1.046379 1.045413
-1.732512 -1.732572
1.552496 1.552213
2.602501 2.602122
-1.022477 -1.023153
2.096311 2.092251
0.489057 0.487046
2.588149 2.587969
1.351868 1.350980
1.223355 1.222356
2.020139 2.017910
0.581294 0.589435
-1.865455 -1.867646
-1.143958 -1.145643
0.698003 0.697930
-0.286575 -0.288252
2.072862 2.068869
0.177134 0.176716
0.704610 0.703262
2.640111 2.638094
-2.287798 -2.288272
-0.268692 -0.272027
0.157488 0.157077
1.087703 1.085284
2.103498 2.103141
-0.454318 -0.456892
0.311339 0.310985
0.045843 0.043240
-0.590986 -0.591115
0.067393 0.067221
-0.545698 -0.547712
-2.536282 -2.536817
2.564978 2.562866
-3.001515 -2.999369
1.481816 1.480480
-0.669143 -0.669358
1.692620 1.692563
0.104737 0.103738
-1.442632 -1.442895
-3.111768 -3.113513
-0.618198 -0.617558
-0.880404 -0.881014
-2.360256 -2.362556
1.036388 1.034129
-1.411023 -1.411795
3.091785 3.089197
-2.624250 -2.625048
2.239377 2.237443
-1.882500 -1.882905
3.116954 3.116694
-2.146268 -2.148872
1.502885 1.501389
1.312050 1.310815
0.682500 0.681957
-2.763440 -2.763798
0.430833 0.430137
2.121830 2.119282
1.020638 1.019354
-0.766191 -0.767726
-0.467721 -0.468165
-1.200526 -1.202737
-0.621741 -0.621580
-2.576167 -2.578576
-3.174890 -3.176258
-2.350533 -2.350655
2.657596 2.655243
1.977414 1.979038
-3.109805 -3.111629
-3.182414 -3.183284
-2.132468 -2.136483
2.341197 2.338881
-2.675826 -2.675986
2.062517 2.062082
-1.016720 -1.018789
-0.900189 -0.902738
-0.415891 -0.418620
-0.899986 -0.901789
2.748145 2.745776
-3.121285 -3.122386
-2.916674 -2.918275
1.152218 1.151349
2.644811 2.646182
-1.537611 -1.537487
-0.172326 -0.173255
2.099571 2.097410
1.266676 1.266777
-0.554756 -0.557027
-1.290872 -1.291109
0.397491 0.397102
-1.507513 -1.507698
1.917128 1.913302
1.810287 1.809470
2.043382 2.044193
0.690817 0.688564
0.998973 0.999581
2.647496 2.647272
-2.662489 -2.662882
-3.071765 -3.070678
0.078481 0.076010
-2.932471 -2.932719
2.519408 2.517604
-2.137718 -2.139048
2.338295 2.337407
-2.640547 -2.643063
2.025089 2.023278
-0.989019 -0.989723
-2.171635 -2.173373
-0.660875 -0.661479
-0.434314 -0.436753
-0.730310 -0.729619
-0.351103 -0.353230
-2.821030 -2.820693
3.054879 3.052127
2.723808 2.723222
0.939038 0.936666
0.281965 0.281469
-2.803372 -2.805730
2.035521 2.035120
-2.997457 -2.999964
0.450705 0.448198
1.221418 1.221153
1.177513 1.177261
2.302494 2.302131
1.101193 1.101285
-1.199832 -1.201962
1.033361 1.032803
-1.072946 -1.072623
1.084218 1.081559
-1.362824 -1.364378
-3.127500 -3.127867
3.187495 3.187194
3.172486 3.172152
-0.142534 -0.143000
-2.907519 -2.909828
-2.895728 -2.897025
1.552506 1.552179
1.132494 1.132199
1.117500 1.117110
-2.732129 -2.732609
-2.887494 -2.887784
0.131299 0.130413
-2.884967 -2.887444
-0.718724 -0.720596
2.786463 2.785970
1.372476 1.371224
-2.692515 -2.691585
2.640057 2.639591
2.208469 2.208574
1.375978 1.376103
1.141823 1.139165
1.162503 1.162125
2.287502 2.287250
-1.809892 -1.810251
-2.130038 -2.132088
1.378780 1.377475
3.055108 3.053876
2.218796 2.217065
-1.017337 -1.020365
-1.372508 -1.372711
-0.197123 -0.197681
-2.176984 -2.178680
2.269832 2.268419
-2.945703 -2.944537
-1.744031 -1.746691
-1.306957 -1.306746
-2.907493 -2.908338
0.526292 0.523246
1.189959 1.190920
2.977997 2.977930
1.136359 1.134929
1.738960 1.734898
2.497500 2.497222
0.607522 0.607384
1.969605 1.969985
0.215338 0.212132
-1.245224 -1.246431
2.336155 2.335720
-0.900723 -0.903032
3.178766 3.178140
-1.567540 -1.568025
1.942501 1.942135
2.152502 2.152196
1.072515 1.072378
-1.720517 -1.722504
1.334498 1.332086
-2.236375 -2.238188
-1.886789 -1.887811
1.099659 1.101280
1.327521 1.327402
2.687655 2.685024
-0.525732 -0.526330
2.041836 2.039343
0.734949 0.733508
-0.174001 -0.173280
-1.695030 -1.697314
-1.725781 -1.726546
-0.428490 -0.428922
-1.324472 -1.329892
-2.292506 -2.295027
-3.103169 -3.103650
-0.958883 -0.961965
1.216086 1.213583
0.703196 0.701123
-3.181832 -3.181703
-2.284358 -2.287247
-1.855745 -1.853901
2.478909 2.477876
-1.819754 -1.819232
1.807509 1.807145
1.411543 1.409145
-0.728034 -0.727861
1.467769 1.465125
-1.698768 -1.700951
-0.298478 -0.300014
-2.036615 -2.039468
0.928393 0.927106
2.563669 2.563389
2.739283 2.737055
-3.056930 -3.057752
2.897934 2.895480
1.794522 1.794593
-1.439278 -1.441342
-1.343597 -1.343744
2.052125 2.051945
2.392476 2.392285
0.277505 0.277102
-0.323667 -0.321994
-1.761324 -1.763752
2.917508 2.917112
-1.777497 -1.777719
2.930521 2.930099
-2.210383 -2.212641
1.917876 1.918388
-1.773831 -1.775611
0.178443 0.177610
0.367499 0.367121
0.547500 0.547183
-1.034563 -1.037463
-0.120161 -0.122098
1.912501 1.912030
0.556094 0.554641
2.003387 2.000503
2.090255 2.091258
2.903256 2.901545
0.407749 0.406280
-2.362506 -2.362663
-2.497470 -2.497941
0.202537 0.202452
-3.190384 -3.193103
-1.971626 -1.973649
-1.727219 -1.727413
-1.531645 -1.531528
1.396514 1.393238
-2.845806 -2.845982
-1.462499 -1.462672
0.757521 0.757098
0.207683 0.206844
-2.745416 -2.746051
-2.473159 -2.474350
-1.257176 -1.260096
1.213258 1.212658
-1.799310 -1.801879
-0.659241 -0.659762
1.426892 1.424298
-1.253291 -1.251735
1.068713 1.068559
-0.693672 -0.694703
-0.322547 -0.323246
0.498076 0.497683
0.112506 0.112261
-0.147907 -0.148452
2.992082 2.989926
-3.069434 -3.070190
-0.451951 -0.452421
2.801079 2.800045
0.690680 0.688310
-2.600994 -2.602689
3.140469 3.138194
0.478623 0.479656
3.157476 3.157332
-1.127389 -1.129173
0.694275 0.691441
2.885764 2.885648
-2.695353 -2.698031
2.893968 2.893025
-2.282754 -2.285626
-0.501340 -0.501898
-2.088543 -2.088831
2.324993 2.323018
0.517430 0.517034
1.123966 1.123351
3.044767 3.043146
-1.471768 -1.473455
0.640353 0.639372
-1.882496 -1.882674
-3.075274 -3.076175
1.122349 1.120895
-1.051239 -1.052057
2.740334 2.739396
-0.296067 -0.298719
-1.131233 -1.133098
2.096212 2.096051
0.967229 0.968741
2.527572 2.527753
0.859851 0.858368
3.097516 3.097308
-1.458256 -1.459895
-1.520724 -1.523025
1.195665 1.195024
2.021734 2.018458
-1.118169 -1.117100
-2.045890 -2.046370
0.645532 0.643067
2.812159 2.812650
-1.140656 -1.142657
0.577438 0.577202
-2.318554 -2.320353
-3.018802 -3.020926
-2.763066 -2.763514
-1.682063 -1.683084
-3.090800 -3.092858
1.949531 1.948082
0.322500 0.322190
0.307500 0.307163
-2.892196 -2.894497
0.481148 0.480217
3.066482 3.066786
-0.069110 -0.072623
-0.459031 -0.460425
-2.107621 -2.106591
-2.037226 -2.039500
1.055941 1.056479
-1.010345 -1.012623
1.389383 1.387014
0.563358 0.564175
-2.713196 -2.715570
1.267509 1.267329
-3.193932 -3.195382
-0.168825 -0.168331
-0.501722 -0.503536
-0.292486 -0.292603
2.489961 2.488212
-0.487476 -0.487391
-0.097897 -0.098181
1.979451 1.977995
-0.137804 -0.139495
0.186545 0.186913
-1.559452 -1.561703
0.299096 0.297185
-0.961883 -0.962480
-0.964725 -0.966136
-2.029592 -2.025032
-2.974590 -2.976960
-2.490626 -2.491537
0.275729 0.274934
2.812495 2.812199
0.901804 0.899620
-0.582625 -0.583504
-2.948329 -2.948386
2.237432 2.234240
-3.155758 -3.156112
3.120927 3.118256
2.815884 2.817456
-1.062672 -1.064985
0.748406 0.747610
2.811762 2.810614
-1.297501 -1.297849
-3.146045 -3.147924
2.498292 2.498325
2.065667 2.062704
0.427503 0.427057
1.162496 1.162193
2.289361 2.288526
1.468069 1.468574
0.545446 0.543466
0.282350 0.282920
-1.287546 -1.291623
0.567662 0.565482
1.943245 1.941060
-2.617514 -2.617976
0.952489 0.952392
2.757581 2.756091
0.542336 0.540203
-2.909742 -2.910412
0.870390 0.868081
2.982547 2.982004
1.847805 1.845328
0.227917 0.226938
3.112857 3.113018
0.752487 0.750107
-2.620983 -2.623386
3.064746 3.064671
-2.304404 -2.306349
-2.492470 -2.493784
-0.862491 -0.862738
1.364586 1.362704
-2.805745 -2.808072
1.005166 1.005453
-1.871993 -1.873968
-1.699723 -1.699373
1.308242 1.305707
2.987727 2.985354
-2.843921 -2.844250
-2.063247 -2.065553
0.900960 0.899444
-2.212494 -2.212897
-1.447500 -1.447860
2.848535 2.846343
0.061009 0.060221
-0.729026 -0.730619
-3.097391 -3.098057
-2.362499 -2.362824
-2.707501 -2.707809
-2.133020 -2.132140
3.037512 3.037223
2.497510 2.497207
2.467512 2.467149
-0.474742 -0.473741
2.773138 2.773398
-3.135355 -3.137838
0.625270 0.622925
1.763506 1.763253
1.873453 1.873669
-1.497145 -1.498017
0.611480 0.611159
-2.145388 -2.146974
-2.004967 -2.005292
2.701004 2.698796
-0.437128 -0.437409
1.996549 1.993639
-2.692498 -2.692815
-2.100486 -2.100513
0.925186 0.922463
-1.507490 -1.507982
-0.076069 -0.077505
1.702515 1.702470
0.927379 0.926945
2.101645 2.099129
-2.105157 -2.107589
2.944554 2.945407
-0.985945 -0.986924
0.714126 0.714231
-2.695941 -2.696579
-2.331869 -2.331816
1.115328 1.113672
-0.673739 -0.676105
0.714835 0.714638
-1.293176 -1.293349
2.160059 2.158283
-0.468787 -0.470139
-3.157492 -3.157552
0.112252 0.113463
-2.902508 -2.902866
-1.537510 -1.537844
3.168310 3.166776
-0.480347 -0.482644
-0.472901 -0.472155
1.100764 1.101872
1.686986 1.685463
-0.560746 -0.562792
3.127500 3.127385
-0.592461 -0.592902
-0.852551 -0.854855
-2.259990 -2.260850
-3.130223 -3.130026
-0.330944 -0.331275
-2.837896 -2.839356
2.745189 2.742893
0.705464 0.703183
-1.801741 -1.802599
0.591589 0.591462
0.315830 0.313518
-1.939461 -1.939756
-1.067905 -1.071136
3.044242 3.044113
0.465789 0.462780
0.663526 0.660379
-1.980918 -1.981597
1.330550 1.329350
-2.548759 -2.550530
1.686336 1.686426
0.156645 0.154441
2.106453 2.104726
2.934715 2.935037
-1.447495 -1.447830
-0.757503 -0.757865
2.236717 2.233634
-2.687769 -2.687200
1.499211 1.498078
-1.258978 -1.261204
-2.568857 -2.571945
-2.949258 -2.951916
0.742495 0.742055
-1.702496 -1.702675
0.927574 0.927905
1.920056 1.919111
0.706595 0.703859
-1.482973 -1.483671
-2.279640 -2.281475
-2.981686 -2.981196
-2.896522 -2.897529
2.645193 2.646380
-2.768303 -2.769474
-0.225440 -0.228282
-2.662940 -2.662145
0.057824 0.056718
1.737530 1.737358
1.419329 1.416534
-2.209729 -2.211987
-2.231079 -2.234246
0.254619 0.253912
2.776848 2.774351
3.029945 3.028697
1.352627 1.350064
2.089561 2.089245
0.937684 0.937433
-2.768728 -2.770947
-2.869314 -2.871098
1.376969 1.376989
0.489704 0.486917
-2.676277 -2.678214
-2.577449 -2.579978
0.990292 0.989928
-0.610823 -0.614144
-3.142512 -3.142925
-1.472527 -1.474939
-0.240414 -0.241231
-2.392505 -2.392795
-3.074334 -3.074135
-1.952685 -1.953337
-0.187512 -0.187645
2.477710 2.475434
2.623268 2.622243
-0.105127 -0.107177
-0.928300 -0.929698
0.100831 0.100838
3.148928 3.147368
-0.888731 -0.888192
0.681558 0.682261
2.867697 2.865295
-0.973765 -0.976000
0.995814 0.996005
-1.468415 -1.469522
-0.180351 -0.182419
0.943004 0.941547
-2.932454 -2.932606
-2.901476 -2.904005
2.572488 2.572037
-0.907514 -0.907581
-2.537666 -2.537955
-3.150554 -3.152772
2.114155 2.114569
0.548572 0.548087
2.036591 2.035355
-0.449953 -0.451454
-2.131314 -2.133133
-2.309823 -2.311599
1.361112 1.360863
-1.191005 -1.191225
-2.169204 -2.173032
2.117241 2.114889
-0.577476 -0.577668
1.149961 1.150385
1.791974 1.791496
-2.888110 -2.887880
1.048310 1.048329
-0.093097 -0.091832
2.347147 2.348211
1.156132 1.153618
-1.347514 -1.349756
2.722487 2.721974
0.091384 0.088951
2.280053 2.279585
-1.860144 -1.861588
1.202744 1.200091
-1.089479 -1.091922
-1.867756 -1.867383
-2.678647 -2.680850
2.631292 2.631970
1.095981 1.093509
-1.852611 -1.854288
1.237510 1.237249
1.867544 1.867098
-1.375678 -1.378048
-2.592962 -2.595467
-2.311380 -2.311944
-1.350631 -1.351440
-1.117460 -1.118102
-0.534131 -0.535995
1.289848 1.289096
-0.734051 -0.736468
-0.665923 -0.668079
-0.542057 -0.543651
3.168427 3.163906
0.203184 0.200994
1.679992 1.679530
1.332635 1.330922
-3.167839 -3.168365
2.032513 2.032350
-0.692340 -0.694017
2.839593 2.838298
1.684299 1.684738
0.117535 0.114419
1.882467 1.882245
1.475300 1.474246
-0.066094 -0.068026
1.108677 1.108645
-2.743313 -2.745885
2.669718 2.669202
-2.570136 -2.569920
1.329988 1.327293
2.222617 2.220073
-1.343373 -1.347086
2.767501 2.767461
-0.431105 -0.433184
-1.899488 -1.901193
1.020231 1.018245
0.573687 0.574254
-1.770501 -1.773171
1.186442 1.187155
3.168025 3.165168
-0.314653 -0.316295
-2.092499 -2.092887
0.263817 0.255213
-2.723912 -2.724539
-0.601071 -0.601795
1.502511 1.498912
-1.762502 -1.762766
1.151350 1.150866
-1.852311 -1.854529
-0.903012 -0.902932
-3.100192 -3.100342
-3.119459 -3.121611
-2.321659 -2.323949
0.301192 0.298719
-1.049749 -1.050789
-2.024538 -2.025028
0.291394 0.289452
-1.317050 -1.318904
2.982461 2.981973
2.723453 2.721786
0.502924 0.502738
2.062458 2.060586
-1.663317 -1.664421
0.975043 0.973702
-0.248060 -0.249881
2.198985 2.197057
-2.088071 -2.088660
2.867450 2.864795
3.095759 3.095829
2.692644 2.693655
-0.272011 -0.271555
-3.077371 -3.079811
-2.788992 -2.790325
2.892990 2.891495
0.622504 0.622070
-0.957513 -0.959224
1.547887 1.545536
-0.647650 -0.648183
0.075845 0.073425
1.940151 1.941038
-0.193369 -0.196335
2.790118 2.788646
0.281016 0.279949
3.172542 3.172159
-1.957502 -1.957745
2.885308 2.883420
0.604291 0.603389
-0.075268 -0.076594
1.502674 1.502194
3.097521 3.097357
-1.267509 -1.268040
-1.873324 -1.875810
3.044912 3.044384
-2.659099 -2.660694
-3.019226 -3.019030
-0.934090 -0.936833
-0.220138 -0.218736
3.098986 3.098607
-2.831472 -2.833920
0.562491 0.562325
-2.077466 -2.077961
2.185278 2.185189
0.219071 0.218586
-1.438925 -1.441409
2.060719 2.060538
1.445604 1.448794
1.252538 1.252092
-1.713474 -1.713650
-2.377498 -2.377760
0.109069 0.108903
-2.151286 -2.153464
1.199793 1.197206
-1.796207 -1.793678
-1.063358 -1.064167
2.887482 2.887283
0.682485 0.682059
-3.023870 -3.025593
-2.582800 -2.582386
0.239500 0.239319
-1.124369 -1.126886
1.117909 1.117706
1.186518 1.184219
-0.655726 -0.657808
2.101562 2.100380
0.278894 0.278686
-1.223613 -1.225874
1.847757 1.848733
0.660058 0.657373
-0.074988 -0.076718
-2.703923 -2.704064
2.805118 2.804359
2.472061 2.470067
0.517502 0.517178
0.217501 0.217199
-1.079751 -1.081778
0.742928 0.742754
-0.651291 -0.653925
2.218083 2.216499
-2.232439 -2.235612
0.675083 0.674835
2.077541 2.077398
-1.117433 -1.117890
2.812500 2.812189
-2.079760 -2.078064
-0.652502 -0.652979
1.807478 1.807298
0.646904 0.644246
-2.935604 -2.934333
-1.431118 -1.432885
2.478725 2.479203
-1.267498 -1.267827
-1.537499 -1.537954
3.058195 3.056838
0.582518 0.583270
2.932523 2.932274
-2.362486 -2.362862
-1.401299 -1.400654
0.586332 0.583488
1.895556 1.893954
2.689542 2.689785
-1.411526 -1.411183
-1.355175 -1.357582
-2.885021 -2.885102
-1.792501 -1.792880
-1.432500 -1.432862
0.562500 0.562187
0.547500 0.547149
2.177352 2.175804
2.776838 2.774749
-0.037486 -0.037630
-0.127502 -0.127815
-0.217502 -0.217843
-2.350410 -2.353230
-2.151452 -2.153124
-0.326953 -0.327283
-1.083267 -1.084834
-2.208061 -2.208503
-2.768871 -2.770940
3.125562 3.126685
-0.191663 -0.194002
-1.258863 -1.259591
-3.032084 -3.035135
2.647620 2.647458
-0.085825 -0.087497
1.477498 1.477225
2.257493 2.257100
2.685152 2.684553
-0.724710 -0.726530
-2.310132 -2.311638
-0.503283 -0.503417
-1.849018 -1.850138
1.072502 1.072331
-0.564666 -0.566392
-1.417404 -1.417680
-1.041011 -1.041233
-0.588885 -0.591110
-2.066668 -2.069632
3.012333 3.010473
-1.417504 -1.417678
-1.017394 -1.020293
1.889663 1.889009
-1.366385 -1.367844
0.228008 0.224209
-2.919718 -2.918901
2.315021 2.313453
2.932434 2.932923
-2.909928 -2.911258
-2.204382 -2.205383
2.304860 2.303108
1.782311 1.781916
-2.116776 -2.118339
1.294772 1.297547
-1.800206 -1.802256
0.427462 0.427196
0.177036 0.176733
-3.101269 -3.104588
-0.636283 -0.638270
-0.322481 -0.322960
0.562500 0.562094
2.752517 2.752337
-2.377500 -2.377815
-2.662496 -2.662831
0.952504 0.952171
1.717503 1.717160
2.124722 2.122122
1.324856 1.325159
2.830283 2.828396
-2.606099 -2.605841
-1.523803 -1.523053
-1.910111 -1.912511
-1.432689 -1.432710
-0.088495 -0.090704
2.797423 2.797192
-0.427568 -0.428922
0.349852 0.348509
-0.513142 -0.514599
-1.461487 -1.461570
3.105141 3.103822
-2.705723 -2.705376
-1.723165 -1.724280
1.042439 1.043489
-3.030141 -3.031692
-2.187304 -2.189478
-2.502576 -2.504870
0.597694 0.596841
-0.330347 -0.331352
1.780811 1.779726
-1.657504 -1.657817
-2.002892 -2.002423
-2.984370 -2.985758
-0.727481 -0.727665
-3.127348 -3.129428
-0.430361 -0.429612
0.946447 0.943779
-3.202437 -3.202514
-1.091488 -1.093927
-0.405219 -0.407333
1.840327 1.840280
-1.237174 -1.239766
-0.336565 -0.337163
-1.304919 -1.307029
-1.772820 -1.773783
-3.112468 -3.112571
0.082489 0.082001
2.872509 2.871999
1.897506 1.897225
0.619501 0.619898
-1.349431 -1.351594
1.178269 1.179449
0.476525 0.477474
2.294387 2.293719
-2.541859 -2.543736
-0.652402 -0.653060
-1.132556 -1.132737
-2.618743 -2.619395
1.177457 1.177051
-1.503959 -1.504124
0.272445 0.270055
1.416701 1.412978
-0.271130 -0.271629
0.498703 0.496212
1.522503 1.522193
1.170241 1.170503
0.757482 0.757380
2.980502 2.977916
1.432091 1.429743
-3.006483 -3.006516
0.703875 0.702673
2.579486 2.578902
2.005219 2.003247
-0.494535 -0.496887
-0.894388 -0.893369
0.107677 0.105249
-1.365008 -1.366553
-3.090899 -3.093258
-2.212502 -2.212901
-2.497500 -2.497855
1.292186 1.289327
-2.927025 -2.927511
2.532368 2.531674
-0.347333 -0.349224
-2.116764 -2.117199
-2.727698 -2.730324
-1.865736 -1.865794
-1.448433 -1.450645
1.882035 1.885115
1.087502 1.087059
1.507507 1.507186
-1.241347 -1.241197
-1.976597 -1.977399
-0.622506 -0.622884
0.374644 0.372644
0.577501 0.577133
0.937500 0.937191
1.680768 1.678664
-0.999333 -0.997784
-2.219192 -2.219947
0.386692 0.385448
-2.322615 -2.324270
-1.275250 -1.277966
-3.052505 -3.052880
2.692502 2.692243
2.803806 2.801923
1.349463 1.348431
1.999370 1.999826
-0.228400 -0.230076
2.070946 2.069188
-1.402502 -1.402615
-1.950130 -1.950512
1.312502 1.312205
0.862497 0.862170
1.870755 1.867734
-2.619895 -2.619965
0.976684 0.975359
-0.690475 -0.692712
1.193185 1.192161
2.977507 2.977179
1.739018 1.737727
-2.581846 -2.583335
-0.629602 -0.630167
3.134287 3.131952
-0.194527 -0.195182
-0.973915 -0.974580
2.804942 2.802454
2.224330 2.225538
0.683554 0.684963
0.491572 0.491508
-2.947500 -2.947816
-2.797500 -2.797808
-1.812303 -1.812806
-1.091015 -1.093408
1.119179 1.116813
2.164844 2.163738
1.524004 1.521740
-3.007238 -3.007151
3.106219 3.103659
2.812481 2.812424
-0.270026 -0.272217
2.192398 2.190114
0.224544 0.223628
2.266624 2.265546
-1.330645 -1.332975
-0.487299 -0.486846
-2.367472 -2.369804
0.539502 0.539010
-2.122519 -2.123076
1.076653 1.074641
-0.997491 -0.997701
0.601798 0.601128
-3.094474 -3.094252
1.690176 1.689119
0.382995 0.381056
2.542494 2.542153
0.757480 0.757311
-1.807520 -1.807925
-2.497478 -2.497585
0.499179 0.496329
0.592500 0.592173
0.712500 0.712134
3.066356 3.067929
-0.965509 -0.968744
-1.822500 -1.822812
-1.867500 -1.867892
2.208683 2.206646
-1.809100 -1.809346
-0.204650 -0.204717
1.912610 1.910637
-2.649833 -2.649766
-2.845052 -2.845528
2.764187 2.763383
-1.722250 -1.723338
-1.525266 -1.529074
2.384564 2.383561
2.960574 2.961479
-2.974649 -2.976382
-1.095080 -1.095908
0.166017 0.165357
-0.540827 -0.542776
2.167505 2.167489
-1.263279 -1.264847
1.117472 1.116321
1.310366 1.310802
-2.281894 -2.283330
0.134583 0.133872
-0.256320 -0.256505
-1.112043 -1.113130
-2.310983 -2.311296
-2.519134 -2.518023
-3.067504 -3.067790
-1.721778 -1.724159
1.241311 1.240767
-2.227512 -2.227581
-1.057507 -1.057851
-1.365689 -1.366307
0.151124 0.148730
1.516094 1.513972
0.447913 0.445603
1.108112 1.106415
1.125195 1.124410
1.370757 1.370360
-2.766721 -2.768390
-2.827511 -2.827899
-1.824888 -1.825924
-0.719044 -0.720164
1.661013 1.659721
-1.372485 -1.372571
-0.532546 -0.536108
-2.191819 -2.195386
-1.012491 -1.012762
-2.125264 -2.129945
1.135898 1.134969
0.472509 0.472100
-0.557740 -0.557518
1.875164 1.873594
3.111053 3.110530
-0.539209 -0.539640
0.592499 0.592245
1.903631 1.902972
0.893548 0.891694
-1.905396 -1.906069
1.551418 1.549103
1.068928 1.069153
-0.139728 -0.141046
2.287152 2.282972
-1.209136 -1.209023
-2.731899 -2.733750
1.822506 1.822315
0.616520 0.615004
2.967634 2.967779
1.403865 1.401484
0.408051 0.408599
-2.315702 -2.317577
0.134419 0.131949
1.342507 1.342278
2.773464 2.771019
3.100277 3.098217
0.971057 0.968126
1.148817 1.149079
-0.246748 -0.248315
1.975834 1.969036
-1.304574 -1.306748
0.314416 0.313238
0.318709 0.317949
2.531212 2.529656
3.022890 3.021399
-0.982500 -0.982801
3.157497 3.157187
-0.662926 -0.664504
-0.150034 -0.151113
-0.262498 -0.262878
-0.706201 -0.707028
0.933197 0.930694
-0.929674 -0.931767
-1.681453 -1.682117
1.799707 1.798114
-2.132825 -2.133342
1.030122 1.030327
3.002712 3.000265
-1.682775 -1.683068
-0.166324 -0.168114
-3.037509 -3.037792
2.171061 2.170111
-2.632492 -2.632469
2.863894 2.861326
-2.340548 -2.342023
-1.442698 -1.443258
1.582551 1.582106
3.171169 3.171064
-1.957501 -1.957893
0.574632 0.572094
0.278606 0.276776
-1.988932 -1.987957
-2.065936 -2.066130
1.928844 1.926903
-0.652492 -0.652960
0.907477 0.907229
-1.892400 -1.892838
0.409038 0.406589
-0.621038 -0.621487
1.846546 1.845745
-2.690498 -2.693203
3.143941 3.142143
-0.755822 -0.756346
2.062439 2.060608
-2.933277 -2.934024
-2.322709 -2.323965
-0.944240 -0.946490
0.993077 0.991446
-1.371732 -1.373264
1.880874 1.881192
-0.397414 -0.399166
1.559147 1.557396
-2.587514 -2.587717
-2.134013 -2.136342
-1.253493 -1.253307
2.028690 2.029451
-0.577764 -0.580860
-1.158097 -1.158816
-0.988489 -0.990144
-3.052177 -3.052367
1.747494 1.747192
1.245417 1.244657
3.156099 3.155892
1.458953 1.455401
2.587550 2.587094
-0.997505 -0.997621
-1.132974 -1.133712
-1.276849 -1.275650
2.710890 2.712732
-2.287496 -2.287872
-2.962492 -2.962827
-1.402508 -1.402956
2.562190 2.562047
-1.552720 -1.552310
0.897075 0.893426
-1.170394 -1.172284
-1.725514 -1.727158
-0.151623 -0.152384
-2.510828 -2.512626
2.182500 2.182149
2.092500 2.092180
-1.519276 -1.520585
2.962540 2.962532
1.865545 1.866647
-2.267503 -2.267263
-2.910621 -2.912556
-0.064346 -0.064267
2.707009 2.708240
-1.892374 -1.896319
-2.252675 -2.253156
0.882021 0.879415
-1.537505 -1.537907
3.098886 3.096435
-2.765458 -2.764890
3.118217 3.117612
-2.223504 -2.224855
-2.155639 -2.157772
0.877497 0.877040
-1.927492 -1.927974
0.611285 0.610030
3.172499 3.172490
0.640671 0.640154
-0.669318 -0.668547
1.215778 1.215104
0.037497 0.037115
1.349516 1.349237
-3.055631 -3.054370
-1.196517 -1.199824
-1.030934 -1.030609
-2.730564 -2.732835
-1.210549 -1.210923
2.944910 2.944788
-2.378148 -2.377806
-2.823605 -2.823673
0.990554 0.988573
1.297661 1.296554
-1.000924 -1.000555
-0.648870 -0.650441
1.986952 1.987366
1.498110 1.495365
-1.733130 -1.732757
0.298257 0.298808
2.706204 2.707357
2.571076 2.570869
0.743796 0.741627
1.333315 1.333090
0.667499 0.667213
1.252500 1.252032
1.909281 1.906412
2.076563 2.076603
0.587761 0.585242
