
-0.219529
-0.661079
-0.590011
0.633787
-0.207057
-0.437687
0.166429
-0.642663
0.609410
-0.590488
-0.344495
-0.599545
-0.703602
-0.713187
0.648072
0.087041
0.785475
-0.205086
-0.126666
-0.471581
0.754409
-0.228998
-0.570108
-0.536723
-0.473821
0.575483
0.574202
0.538782
0.090284
0.040150
-0.117953
0.176785
0.042254
-0.171293
0.793067
0.672808
0.554863
0.100705
-0.107792
0.846296
0.816887
0.434132
0.597466
0.260130
0.451813
0.137373
0.027506
-0.453034
0.391570
-0.411963
-0.004494
-0.046586
0.208198
-0.473204
-0.483298
0.475760
0.262169
-0.664999
0.342382
0.322895
0.051805
-0.659104
0.199020
-0.637951
0.168519
-0.495098
0.389861
-0.476379
-0.191689
-0.156019
-0.707843
-0.189995
-0.058734
0.033999
-0.613745
0.641307
-0.286928
0.139434
0.135992
-0.017771
-0.386536
0.202719
0.238311
0.640041
-0.230890
0.557085
-0.390070
-0.249729
-0.487893
-0.503011
0.624902
0.340079
-0.524285
-0.666032
0.579386
-0.132173
0.392564
-0.547840
0.553374
0.027814
-0.398630
-0.580875
-0.347832
-0.409523
-0.563040
0.401228
0.805905
-0.151365
-0.726942
-0.770873
0.126548
0.481532
-0.022547
0.079427
-0.044271
-0.137042
-0.697763
0.050019
-0.354876
0.207155
0.614838
0.111500
0.325177
0.264844
0.682855
0.145911
0.058748
0.458510
0.772536
0.815572
0.628983
-0.141856
0.184565
0.819950
0.676211
-0.567980
0.198945
0.246109
0.510024
-0.747184
-0.649655
-0.191293
0.817067
-0.013933
0.287094
0.751339
0.804490
0.612737
0.498671
0.777499
-0.517501
0.786042
-0.585668
0.412197
-0.398071
0.493525
-0.243975
0.198748
0.030423
-0.198507
-0.216558
0.283502
0.155810
-0.526496
-0.068634
0.172225
0.450379
-0.438655
0.124949
-0.620332
-0.448167
-0.168688
0.633632
-0.510389
0.528535
-0.208608
0.777106
0.517323
0.197597
-0.302130
-0.218097
0.379956
0.359476
0.115200
-0.536588
-0.013690
0.367353
0.485083
-0.363017
-0.017977
-0.313500
-0.696825
-0.356983
-0.079155
-0.446569
-0.479412
-0.645347
-0.091159
0.490717
-0.112614
-0.714262
-0.303363
0.046576
0.687565
-0.578791
-0.405336
-0.794980
-0.143327
-0.691934
-0.513954
-0.042686
0.461043
-0.573854
-0.185484
0.797240
-0.695488
-0.344570
-0.066185
0.459035
0.378993
0.811945
-0.451232
-0.048251
0.780294
0.800518
-0.294121
-0.337514
-0.019586
-0.623715
-0.729260
-0.564684
-0.664475
-0.535576
-0.359181
0.160428
0.797037
0.715702
0.587089
0.286447
-0.313809
0.472530
-0.135485
0.276673
0.109250
0.167318
0.104341
-0.194274
0.324049
0.025875
-0.257855
0.808814
0.375427
-0.013690
-0.452312
0.183114
0.139044
0.001148
0.720362
0.180679
0.682337
0.314162
0.564755
-0.553092
0.561854
0.069974
0.691953
0.061403
0.797496
-0.622006
0.127352
0.163874
0.361714
-0.168331
0.744188
0.062169
0.086366
-0.762673
-0.236062
0.695974
0.059866
-0.489134
-0.620857
0.447158
0.319080
-0.544881
-0.010100
-0.209435
-0.324022
-0.555126
-0.298242
-0.791698
-0.690294
-0.172715
0.412783
-0.778608
-0.548807
-0.088941
0.245886
-0.361462
-0.568177
-0.021969
0.051310
0.170185
-0.718227
-0.782241
-0.033111
0.665275
-0.180768
-0.772440
-0.738577
0.239368
-0.209286
0.185257
-0.564851
0.301916
0.484916
-0.775717
-0.698930
-0.597131
0.312660
0.245056
-0.047900
-0.646297
0.496739
0.642798
0.508577
0.232030
-0.443404
0.629193
-0.232464
0.775468
0.479450
-0.149718
0.299267
-0.343277
0.098098
0.286964
-0.146432
-0.006130
-0.554648
-0.129688
0.735668
0.801694
0.628231
0.234646
-0.194909
0.259337
0.722598
0.670757
0.520535
-0.136634
0.648252
0.219120
-0.764044
-0.720580
-0.543943
0.330782
-0.059442
-0.547909
-0.585202
-0.619706
0.428153
-0.210944
-0.307633
-0.545454
0.059300
-0.759650
-0.093065
-0.152477
-0.542500
0.663685
0.143321
-0.101284
-0.744703
0.517133
-0.006571
0.642605
0.093410
0.334988
-0.577129
0.371415
-0.050173
0.298754
0.473061
-0.638124
-0.412689
-0.011026
0.121500
0.470466
0.348168
0.400250
0.109795
0.404602
0.361228
-0.503828
0.635714
0.687663
-0.437094
0.050231
0.518546
0.659444
0.683294
-0.407013
-0.026682
-0.194215
0.626016
-0.554682
0.157260
0.061974
0.468949
-0.009027
0.499328
0.147904
-0.521689
0.681773
-0.299714
-0.498319
0.193852
-0.004925
-0.162466
-0.389759
0.329894
0.250016
0.416534
-0.447420
-0.076061
0.089145
0.119672
0.422353
-0.167350
-0.794028
-0.785131
-0.188369
0.741557
-0.292858
0.821958
-0.230969
0.811496
-0.628135
-0.533092
-0.324432
0.263233
-0.030821
-0.634596
-0.755379
-0.374640
0.109435
0.125961
0.148484
-0.406407
-0.153934
0.199026
0.399577
-0.383219
-0.006565
0.288926
0.112964
-0.013157
0.871122
0.081222
-0.594719
-0.712396
0.450363
-0.571983
0.775484
-0.501999
0.688098
-0.551307
0.606107
-0.798054
-0.690310
0.675423
-0.095471
-0.282599
0.665921
0.619684
-0.013873
-0.346089
0.657560
0.803908
0.729361
0.141962
-0.190430
0.197570
0.622287
0.123363
-0.706507
-0.042528
0.427491
0.562759
0.152914
0.041179
0.557810
0.619050
0.600528
-0.129427
0.118897
0.464039
0.786370
-0.328692
-0.652099
0.314727
0.364409
-0.367195
-0.671503
0.639204
-0.538195
0.718713
-0.297260
0.422940
-0.459792
-0.040407
-0.355911
0.179500
0.453831
0.529244
-0.118620
0.115214
-0.134509
0.298898
0.562450
-0.013244
-0.271379
0.070032
0.424230
0.534549
-0.302351
0.074836
0.727443
0.420828
-0.020574
-0.083571
0.179589
-0.642529
0.041682
-0.731967
-0.770462
-0.266768
-0.354128
0.168313
-0.278566
0.709494
0.106125
0.489639
0.429023
-0.141273
-0.680257
-0.169587
0.605360
0.367860
0.135278
0.658600
-0.372505
-0.630398
-0.702261
-0.425013
-0.669235
-0.706707
-0.075891
-0.648211
-0.323738
-0.640034
-0.465984
-0.545407
-0.706066
0.648544
-0.008660
-0.048022
-0.190587
0.048048
-0.743105
-0.220879
-0.307685
-0.467801
-0.064423
0.751176
0.329072
0.156786
0.711702
0.028059
-0.348650
0.303679
0.571864
0.097881
-0.130102
0.621452
-0.296564
0.380830
0.214377
0.185429
-0.113969
0.676901
-0.061253
0.134370
0.361166
-0.101234
-0.266907
-0.241026
-0.572467
-0.364530
-0.113881
-0.344233
-0.218952
-0.484873
-0.238490
-0.007785
0.413563
-0.498041
-0.613618
-0.712169
-0.523898
-0.523245
0.371460
-0.277242
-0.220779
-0.679280
0.567158
0.197951
0.628328
0.639621
0.625452
0.295599
-0.757587
-0.368799
-0.743659
-0.573936
-0.294819
-0.280636
0.698351
0.612371
0.032662
0.743119
-0.173704
-0.655685
-0.385502
-0.337571
0.045193
-0.240495
-0.666660
-0.062185
0.816306
-0.309407
0.287412
0.157984
0.358369
0.220478
0.320040
0.239520
0.638023
0.213995
0.193405
0.073743
-0.054054
-0.629471
-0.426530
-0.572587
-0.608598
-0.514467
-0.431594
-0.600894
-0.461383
-0.601449
-0.286376
0.311444
0.805604
0.426044
0.505604
0.257123
0.171565
-0.309577
-0.184991
-0.451214
0.791942
-0.305812
-0.677845
-0.449942
-0.677557
-0.701423
-0.589469
0.421148
0.398369
0.349124
0.452582
0.329136
0.284905
0.413262
0.506607
0.457424
0.463713
0.272757
-0.264139
-0.097819
-0.410415
0.236010
0.760190
-0.439459
-0.246028
-0.546529
-0.415789
-0.689923
0.652583
0.222667
0.155819
-0.013788
0.612703
0.726226
0.618706
0.232205
-0.668849
0.673431
-0.081663
-0.263664
0.053397
-0.012031
0.335272
0.712683
-0.189403
0.466848
0.701255
0.399643
0.223385
-0.617866
0.118272
0.319774
0.737970
0.199805
-0.534854
-0.174169
-0.562132
-0.373118
-0.553829
-0.619846
0.370748
0.393008
0.401255
0.099826
0.519198
0.716601
0.748675
-0.782877
0.286645
-0.035071
0.801028
-0.754763
-0.470173
0.264030
-0.532055
0.480600
0.572748
0.242653
0.717094
0.359701
0.749750
0.508118
0.744366
-0.027610
-0.021839
0.177150
-0.509334
-0.015486
-0.111719
-0.447144
-0.236881
-0.690992
-0.276899
-0.130921
0.639463
0.606800
0.497662
-0.751432
0.231107
0.222204
0.197920
0.344760
0.595850
0.333108
0.196486
0.497741
-0.307412
-0.248787
0.225069
0.088738
0.255302
0.101596
-0.092326
0.352935
0.161365
-0.718400
0.342371
0.111961
0.538816
0.255203
0.607966
-0.522359
-0.140918
-0.362262
-0.083692
-0.666871
0.165777
-0.537455
0.386434
0.666095
0.367748
0.813686
0.296235
-0.164922
0.399615
0.337340
0.220466
0.674633
-0.154617
0.062951
-0.513266
0.057093
-0.750379
0.137432
0.276816
0.547626
0.408238
0.646557
0.447346
0.856951
-0.437503
-0.358693
-0.203178
0.254840
-0.399019
0.581746
-0.716030
0.702883
-0.117981
0.199642
0.363128
-0.702706
-0.028673
-0.169128
0.467397
0.618402
0.357837
0.213506
-0.064164
0.035396
-0.587537
-0.138041
-0.433215
-0.619195
0.735087
0.796878
0.235092
0.220786
0.127200
0.819815
0.162286
0.358171
0.777487
0.368017
0.033517
0.796014
-0.220780
-0.508563
-0.759271
-0.173089
-0.470895
-0.427153
-0.685552
-0.443769
0.160100
-0.559312
-0.412076
-0.465783
-0.594324
-0.553277
-0.481963
-0.365802
-0.722146
0.311211
0.557178
-0.449702
-0.158418
-0.599742
-0.444015
-0.710123
-0.791126
0.371340
-0.604700
-0.123881
0.387605
0.638419
0.323433
0.209917
-0.105788
0.415823
0.664671
0.390283
0.365845
-0.267912
0.419110
-0.596747
0.145841
-0.222459
-0.343380
-0.341839
-0.409970
-0.449110
-0.566616
-0.125854
-0.023672
0.470756
-0.644432
-0.011019
-0.629562
-0.433747
-0.116836
-0.364429
-0.429470
-0.648249
-0.454719
-0.408514
0.183888
0.069400
-0.049219
0.287095
-0.686768
-0.197900
0.276436
0.557900
0.407027
0.559601
0.516291
0.751033
0.371802
0.401559
0.662690
0.385435
0.341733
0.471102
0.397108
0.542226
0.519409
0.531588
0.516188
0.796340
-0.284500
-0.430293
-0.301459
-0.668261
-0.294714
0.032121
-0.387785
0.816403
0.762070
0.559171
-0.221366
0.314068
-0.700311
0.681095
0.026929
-0.632089
-0.400958
-0.514450
-0.421556
-0.561595
0.776445
0.768137
0.459038
-0.664854
0.196898
0.434028
0.442779
-0.718865
-0.763026
-0.090741
0.802566
0.671507
-0.028454
-0.297783
-0.404027
-0.176906
0.257471
-0.714125
-0.735878
0.352729
0.158382
-0.791158
-0.672793
0.239628
0.217986
-0.364924
-0.585620
0.527353
-0.007500
-0.549157
0.632088
0.628471
0.482965
0.197781
-0.537018
0.764957
-0.168395
-0.684766
0.239016
0.513207
0.638853
-0.583760
0.265806
-0.158730
-0.585289
-0.530267
-0.549220
0.440979
-0.175926
0.494894
-0.206623
-0.560925
-0.534391
-0.427045
-0.124908
0.156622
0.725599
0.266207
-0.593431
-0.251678
-0.760670
-0.766867
0.131243
-0.567554
-0.047210
0.547727
0.406273
0.220896
0.696996
0.438780
0.121233
0.191788
0.176195
0.785678
-0.320243
-0.741216
-0.761542
-0.151339
-0.561165
0.467640
0.529782
0.155354
0.196941
-0.612822
-0.391995
0.304170
-0.275926
-0.398719
0.239714
-0.386690
0.191265
0.163444
0.777622
-0.358053
-0.637773
-0.543488
-0.066096
0.394246
0.422307
0.523330
-0.214454
0.088310
0.061269
-0.321776
0.380048
-0.628790
-0.103682
-0.436895
0.799895
-0.464719
-0.312989
-0.785749
-0.766858
0.552858
0.096342
0.645285
0.536221
-0.160591
-0.027185
0.567150
-0.535684
-0.297386
0.365754
-0.532942
0.755400
-0.121308
0.116038
0.073938
-0.257732
0.387394
-0.313071
-0.579988
0.695256
-0.550565
-0.296848
-0.473920
0.172374
-0.753451
-0.343981
0.378577
0.129602
0.448882
0.230712
-0.126929
0.534119
0.249930
0.704848
-0.653097
0.439779
0.817689
0.167691
0.089475
-0.133177
-0.052656
-0.159793
-0.579778
0.029142
0.379353
0.506287
-0.131446
0.258809
0.198515
-0.630229
0.486722
0.458914
-0.114043
0.796014
0.771000
0.517713
-0.754268
-0.261893
0.618444
-0.720388
-0.394752
-0.457378
0.488492
-0.299181
-0.435818
0.237852
-0.740286
-0.434584
-0.235939
0.750604
0.813163
-0.362382
0.059772
0.071114
0.634945
0.505777
0.528210
-0.101186
-0.697133
0.119021
0.529101
-0.362181
-0.533136
0.497447
-0.473487
-0.729955
0.350961
0.242945
-0.579346
0.676932
0.273798
-0.718659
-0.347566
0.294203
0.128974
0.129684
0.137993
-0.452401
0.636087
0.037792
0.687732
0.587615
-0.689553
0.320426
-0.562147
-0.454260
-0.629046
0.314380
0.178847
-0.392144
-0.751169
-0.745691
-0.326275
0.682231
-0.278078
0.453012
-0.197193
-0.507635
-0.500719
0.568660
-0.505125
0.065463
-0.014230
0.310978
-0.197206
-0.201988
-0.551975
0.572782
0.707651
0.260691
-0.615971
-0.609057
-0.167422
0.584695
0.399835
-0.309104
0.416727
0.117229
0.571895
-0.013198
-0.052215
-0.220331
0.293089
0.247238
0.108279
0.513094
0.650360
0.284862
0.803684
-0.595770
-0.675647
-0.418181
-0.426923
0.537653
0.759501
-0.051315
-0.243281
0.586251
-0.517153
-0.497886
0.728905
-0.422391
-0.380362
-0.226616
0.385346
0.677419
0.722811
0.742393
-0.619179
-0.776569
-0.708389
0.436031
-0.397061
-0.559679
0.218468
0.564844
-0.530020
0.032368
-0.122774
0.652197
-0.219163
0.010376
-0.064407
-0.619197
-0.065065
-0.681771
-0.200095
-0.462122
-0.090532
-0.447018
-0.598631
-0.427545
-0.296549
0.497222
-0.127911
0.326568
0.142493
-0.065593
0.761128
0.303505
0.313608
-0.003286
-0.249998
-0.704947
-0.442432
0.631295
0.662406
-0.390766
0.410569
0.438943
0.421151
0.479561
0.132403
0.241507
0.518696
0.283515
-0.103770
0.786740
-0.442578
-0.686950
0.325309
-0.658707
0.600359
0.189723
-0.579204
0.719670
0.300656
0.398403
-0.295726
-0.234851
-0.046328
0.603260
-0.458118
-0.448906
0.118883
0.080263
0.026038
-0.019872
-0.101101
-0.103758
-0.002180
-0.110808
-0.225642
0.398360
0.348238
0.600572
0.225477
0.431512
0.625482
-0.286898
-0.709377
-0.718087
0.546815
-0.727403
-0.400528
-0.148190
-0.155034
0.711640
-0.106396
-0.254248
-0.709835
-0.114639
-0.552764
0.069661
0.030100
-0.497186
-0.672050
-0.751168
0.300474
-0.088621
-0.437602
0.677588
0.539430
0.647464
0.428750
-0.445067
-0.558592
-0.749438
-0.031415
-0.172217
-0.416035
-0.370262
0.115340
-0.563731
-0.289427
-0.026646
0.503030
0.567647
-0.065214
-0.618701
-0.554021
0.074365
0.067038
0.540682
0.148071
0.651803
-0.521494
-0.151738
-0.599119
-0.487434
-0.040204
0.659731
-0.751121
-0.290266
-0.511345
-0.750181
0.156320
0.242744
0.327119
0.237671
0.287324
0.232990
0.076227
0.455232
0.019865
-0.714005
0.489688
-0.466303
-0.054116
0.654489
-0.415576
-0.197760
-0.138736
-0.109498
-0.012580
0.499366
-0.552637
-0.694461
-0.633675
-0.350516
-0.260222
-0.133830
-0.302322
-0.506946
-0.782042
0.800911
0.819863
0.240327
0.744899
0.199610
0.495709
0.602584
0.168779
0.361098
0.495715
0.765814
-0.602076
0.591507
-0.263104
0.783669
0.815414
0.218001
-0.560585
-0.056505
0.729994
0.116733
0.203218
0.522185
-0.731848
-0.694185
-0.162527
-0.044781
-0.145025
-0.034492
-0.646839
-0.161341
0.433416
-0.293929
-0.075590
0.746554
-0.604349
-0.562841
0.249092
0.738375
0.192188
-0.714049
0.546445
0.376092
-0.626852
-0.782195
0.586603
0.776904
0.485076
-0.304265
0.597142
0.072528
-0.658157
-0.273451
0.786684
0.530792
0.226289
-0.526485
0.430583
-0.408387
-0.307998
-0.273437
0.580027
0.290413
-0.398883
-0.416906
0.755862
0.823231
-0.232504
-0.377685
-0.326583
0.652274
-0.482800
-0.242754
-0.243822
0.571548
0.079441
0.477316
0.747749
0.116276
-0.140891
-0.550327
-0.071771
0.159878
0.411258
-0.096749
-0.567662
0.089709
0.272950
0.699000
-0.785826
0.815520
-0.013543
-0.399410
0.790317
0.703459
-0.249071
-0.652496
0.098074
-0.326088
0.674736
0.472879
-0.656652
0.822093
-0.657627
0.410841
-0.263943
-0.499913
-0.080879
0.185017
-0.646896
0.587571
-0.078190
0.048556
-0.645847
-0.503125
-0.310844
-0.055119
-0.541707
-0.029223
-0.644442
-0.234849
0.060437
-0.337276
-0.553291
-0.648507
0.150802
0.070556
-0.362659
-0.398501
-0.470891
0.670217
-0.273784
0.021729
0.254866
-0.405791
-0.428363
-0.140605
-0.320285
0.790296
-0.322960
-0.036160
0.207901
0.250898
-0.658390
-0.200216
0.129179
0.522007
-0.597684
0.527239
0.106654
0.128047
0.692637
-0.031941
-0.112891
0.068984
0.077374
0.471387
-0.421022
0.422774
-0.260487
0.563116
-0.592647
-0.528066
0.143444
0.313812
0.424308
-0.641136
0.316800
0.637830
0.773910
-0.711593
0.272204
0.435459
0.374669
-0.761683
-0.295024
-0.589092
0.792132
-0.607364
0.600325
0.633156
0.601399
-0.542003
-0.187556
0.190636
0.632102
-0.157233
-0.380938
-0.431123
0.665153
-0.140647
-0.241947
0.611908
0.646146
-0.086315
-0.152122
-0.017763
0.517746
-0.015429
-0.082690
-0.070292
0.675087
0.140725
0.634765
0.493989
0.734905
0.339170
0.368019
0.426409
-0.152154
0.343400
0.284729
0.520685
0.412543
0.250992
-0.541375
-0.140471
0.420324
0.171110
-0.309258
0.525894
0.260997
0.165238
0.660687
0.043594
-0.247150
-0.769607
-0.467305
-0.513158
-0.062699
0.716088
-0.293901
-0.781728
-0.096867
0.044547
-0.498081
-0.736092
-0.733245
-0.719354
-0.670681
-0.104601
-0.671862
0.414308
-0.520511
-0.280695
0.796989
0.143507
-0.530621
-0.156298
0.605662
-0.129152
0.046565
0.312107
-0.192926
0.561088
-0.540052
0.360549
-0.399312
0.482259
-0.437876
-0.055905
-0.359679
0.415139
0.117786
0.033500
0.331366
-0.035455
-0.102468
0.271107
0.112605
-0.240170
0.218721
-0.299408
0.693431
-0.354566
0.496886
-0.524737
0.272543
-0.011193
0.841583
0.239909
-0.342927
-0.660663
-0.729337
0.453325
-0.448103
0.729259
0.375055
-0.743353
-0.087202
0.538501
0.619398
0.103120
0.110238
0.623493
0.829834
-0.179382
-0.327410
0.110771
-0.417865
0.251351
0.776236
-0.102005
-0.802542
-0.745185
-0.275218
-0.013205
-0.090919
0.719196
0.061954
-0.219952
-0.573284
0.100754
-0.190432
0.710700
-0.480718
-0.543420
0.150603
0.717413
-0.555436
-0.589532
0.301441
0.484168
-0.339361
-0.705799
0.306341
0.581206
0.697235
-0.559231
0.467868
0.237622
0.194945
-0.407979
0.704437
0.018666
0.075324
-0.467070
-0.343923
0.744278
0.662215
0.257855
-0.478817
0.171486
-0.352743
0.293998
0.634320
-0.065468
0.264482
0.467762
0.460522
-0.149241
0.288065
0.386320
0.341521
-0.347230
0.030195
0.432350
-0.048985
-0.323637
0.781359
0.411977
-0.009530
-0.650282
0.633037
0.701522
-0.194445
0.185047
0.332594
0.393608
0.089314
-0.280238
-0.153010
0.022165
0.086985
0.351246
0.797432
0.517157
0.219879
0.658400
-0.278852
-0.053645
0.290335
-0.116392
-0.091043
0.329572
0.302854
0.288232
0.511214
-0.084191
0.323815
-0.149052
-0.162820
-0.721462
-0.133852
-0.446480
0.476706
0.446569
-0.754486
-0.350170
0.227883
-0.032829
-0.566975
-0.539590
-0.794420
0.455692
-0.666228
-0.202484
0.246341
0.323893
0.025960
-0.061194
0.379560
0.198391
-0.735884
0.641769
-0.445873
-0.070451
0.761344
-0.155107
0.190861
0.530276
-0.113237
0.540711
0.360722
0.613605
0.108786
-0.774512
-0.736465
0.116733
0.416209
0.169524
-0.108209
-0.482262
0.479141
0.304485
-0.593970
0.062354
0.381465
0.401723
-0.635980
0.540126
0.309797
0.520971
-0.466028
0.412452
0.252450
0.694033
-0.148864
-0.199120
0.128471
0.586911
0.325898
-0.614394
-0.016193
0.536084
-0.158336
0.510814
0.306483
-0.235924
0.338248
-0.361838
0.135249
-0.507688
0.615131
-0.235326
-0.365787
-0.765712
-0.277146
0.072041
-0.698736
-0.412991
-0.312334
0.161102
-0.707876
-0.086171
-0.355204
-0.742431
-0.387807
-0.025975
-0.797547
0.469472
-0.647919
0.288136
-0.492056
0.134694
-0.503222
0.320603
0.057345
0.473688
0.374580
-0.474352
0.309723
0.527429
0.411216
-0.626818
0.435701
-0.686875
-0.728481
-0.058498
0.555841
0.467480
-0.498780
0.531348
0.284308
-0.680078
0.646858
-0.802206
-0.652502
-0.105335
-0.373760
0.747927
0.780529
-0.140370
-0.343646
0.569947
0.112602
-0.487484
0.081100
-0.400754
-0.269329
-0.654280
-0.722509
0.656381
0.030876
-0.272422
-0.742983
0.796889
0.538716
-0.021194
-0.509926
0.337040
0.507091
-0.084499
-0.178946
0.304003
-0.403585
-0.469279
-0.075824
0.203868
-0.035393
-0.419703
0.229650
0.751809
-0.040880
0.129504
-0.360588
0.809543
-0.406072
0.056107
0.362714
0.285310
0.404929
0.748961
0.087080
-0.442639
0.737363
-0.087506
-0.193222
-0.484521
-0.274760
0.539635
-0.079779
-0.595137
-0.242856
-0.014576
0.424554
-0.327279
-0.020099
0.759416
0.731922
0.377282
-0.279108
-0.439885
0.474679
0.544926
0.308715
0.568820
0.416764
-0.664468
-0.497664
0.401555
0.428236
0.764987
-0.061485
-0.098469
0.272735
0.578364
-0.530621
-0.483352
0.642850
0.714419
0.434875
-0.267525
0.000086
0.786866
-0.177447
0.425444
0.342414
0.345522
0.398885
0.552151
0.545439
0.731150
0.685017
0.315726
-0.017118
0.471396
-0.227722
0.473406
0.080594
-0.100207
-0.325128
0.453045
0.366843
0.440947
0.338871
-0.602768
-0.488881
-0.192722
-0.482724
0.386025
0.063839
0.198413
-0.200426
0.414081
0.281970
-0.275714
-0.440404
-0.448717
0.208716
-0.061149
-0.174527
-0.308131
0.631042
0.745258
0.573007
-0.467406
0.193092
0.340229
-0.039963
-0.680300
0.052836
-0.387062
-0.322546
-0.430412
-0.171364
-0.578815
0.678923
0.792532
0.829660
-0.061133
0.163837
0.356676
-0.525983
-0.110795
0.784115
-0.488881
-0.251562
0.401671
0.382593
0.179569
-0.059344
-0.676434
-0.186230
-0.056891
0.211819
0.767803
-0.363100
-0.008236
-0.723441
0.397622
-0.461038
0.397785
-0.688482
0.086717
-0.000564
0.590898
0.641983
0.643127
-0.352669
0.207234
0.413439
0.301363
0.291433
-0.128476
0.622683
0.218754
-0.011629
-0.480622
-0.333117
0.809139
-0.081454
-0.522562
-0.592577
-0.237717
-0.463775
0.401463
0.051274
-0.566961
-0.620624
0.034949
0.057696
0.775942
0.493067
0.283940
0.725280
0.756000
0.564161
0.447893
-0.043479
0.337654
0.302110
0.184176
0.576975
0.562162
0.739787
0.150047
0.575284
-0.044400
-0.741923
0.333957
-0.126037
0.465422
0.770745
0.278186
0.331341
-0.717821
-0.042570
0.357522
0.150488
-0.485553
-0.098483
-0.453327
0.206477
-0.130295
-0.381731
-0.220410
0.704763
0.680712
0.549318
0.019208
0.389079
0.565250
-0.160634
0.548344
0.286334
0.206759
-0.014407
0.201656
-0.521775
-0.199881
-0.360052
-0.711201
-0.609294
0.254720
0.615569
0.094081
-0.048751
-0.357567
-0.259544
-0.285313
-0.669131
-0.160099
0.267959
0.398416
0.235296
-0.011094
0.419404
-0.362326
-0.247516
-0.777105
-0.132720
0.219784
-0.433030
-0.133129
0.119131
0.646995
-0.591535
-0.656947
-0.078038
-0.728404
-0.312149
-0.697032
-0.697535
0.717290
-0.012795
0.515549
0.091544
-0.051976
0.272249
0.797041
0.161958
0.113970
-0.538608
0.079743
0.447205
-0.453902
-0.537534
-0.093544
0.295198
0.219286
0.601586
0.660392
-0.127090
-0.577336
-0.124238
0.751916
0.131916
-0.297650
-0.239355
-0.783749
-0.677463
0.361457
0.611372
0.299854
-0.013111
-0.104299
-0.409107
0.274718
-0.436890
-0.206116
0.407215
-0.529599
-0.804897
0.038121
0.621306
0.235788
-0.649539
0.372964
0.324157
0.030936
0.789090
0.590123
-0.471245
0.253311
-0.128350
0.110017
0.465923
-0.506891
0.399478
-0.723732
-0.459292
-0.230630
-0.665163
-0.448968
-0.426355
-0.796861
0.482562
-0.623513
-0.081540
-0.719471
0.669637
-0.014470
-0.338945
0.206893
0.488812
0.341672
0.093259
-0.326593
-0.422396
-0.141615
-0.229426
0.028651
0.342783
0.432108
-0.250004
0.092264
0.397344
0.312213
0.376651
-0.159975
-0.336830
-0.005909
0.058227
0.762844
-0.042925
-0.341814
0.565747
0.273508
-0.206897
-0.381401
0.672084
-0.263780
-0.216034
0.194272
0.538058
0.584224
0.093271
-0.674125
0.076477
-0.428754
-0.736952
0.084422
0.048182
-0.450809
0.375516
0.104297
-0.213771
-0.016617
-0.122800
-0.569193
-0.024127
0.215772
-0.111638
-0.529157
0.055772
0.263183
0.310301
0.358594
-0.099503
0.573451
0.511068
0.178052
0.766297
-0.090730
-0.602212
0.499322
0.770069
0.070409
-0.569089
0.177776
0.149187
-0.437740
0.713155
-0.347346
-0.512933
-0.565844
-0.746167
-0.387843
0.729114
-0.227625
-0.257249
0.825542
0.205379
0.467810
0.054539
0.480865
0.518176
0.041393
0.614403
0.469781
-0.168835
-0.456195
0.085164
-0.241351
-0.613764
0.161159
-0.066159
-0.626700
-0.279597
0.370843
0.468461
-0.615626
0.637546
0.783076
-0.133296
-0.091705
0.602649
0.624959
-0.397051
-0.144100
0.446238
0.728027
-0.132469
0.441496
0.461923
-0.003051
-0.041259
0.727006
-0.764447
0.662330
-0.482174
0.659944
-0.179468
-0.719967
0.394022
-0.509796
0.254982
-0.037312
-0.300720
0.050238
-0.372357
-0.524282
0.442465
0.556775
0.294566
0.455465
-0.370523
0.501819
0.596360
0.410651
-0.070617
-0.496526
-0.586064
-0.014744
0.812403
0.723698
-0.509802
0.037543
-0.297079
-0.583030
0.430288
-0.738856
0.335360
-0.177437
-0.695243
0.716562
-0.345443
0.684081
0.394763
-0.796889
0.059586
0.043748
0.035339
-0.432774
0.267144
-0.319934
0.423130
0.719717
-0.771171
0.580209
-0.161411
-0.450613
-0.129110
0.495208
-0.413887
-0.463945
-0.503340
0.371242
0.798181
0.386202
0.549841
-0.241023
-0.071670
0.256286
0.139441
-0.644424
-0.415396
0.646867
-0.358927
-0.011761
-0.671251
0.275294
-0.162877
-0.174937
-0.707778
0.538817
0.087174
0.510218
0.722481
0.324985
0.118312
-0.472660
-0.320196
-0.285438
-0.032775
-0.299976
0.257685
0.192982
0.745090
-0.521252
-0.065833
0.628356
-0.379428
0.602511
-0.370574
-0.130495
0.161204
-0.541203
0.145081
0.795858
0.083434
0.387122
-0.308791
-0.476199
-0.401319
-0.119181
0.187838
-0.183001
-0.745800
-0.469723
0.334959
-0.416270
0.536788
0.672705
0.262916
0.065025
0.345392
0.073879
-0.256334
0.602403
0.120191
0.542250
0.580306
-0.230787
-0.398012
0.012095
0.086993
0.619122
-0.379784
-0.386179
-0.071341
-0.259900
0.648044
0.217785
-0.005264
-0.392619
0.184588
0.769172
0.787428
0.521796
-0.627708
-0.122305
-0.084814
-0.310947
-0.787767
0.156811
-0.508605
-0.590461
0.392811
0.325226
0.628248
0.385520
-0.741707
-0.060483
-0.251113
-0.639994
-0.790477
-0.153301
0.660122
0.722185
0.706587
0.751679
-0.366137
-0.066468
-0.001427
-0.093415
-0.089054
0.413865
0.338075
0.159909
0.692339
0.599497
0.667110
0.104354
-0.246019
0.127866
0.321417
0.788573
0.681484
0.715756
0.029682
0.718418
0.675337
-0.199369
-0.785282
-0.665345
-0.074985
0.161770
0.664629
-0.021844
-0.190486
-0.399049
-0.659565
-0.256153
-0.601399
-0.005590
-0.412807
-0.701029
0.684240
0.761968
0.526250
0.232455
-0.578302
0.170581
-0.491709
-0.411018
0.641829
0.252261
-0.528711
0.602649
-0.722836
-0.489548
0.086874
0.661758
-0.228762
-0.609414
0.136759
0.102605
-0.606798
-0.556051
-0.425793
-0.447542
-0.216763
-0.277683
-0.583143
-0.087104
-0.029704
-0.020783
0.096020
-0.607791
0.052644
0.502834
-0.089439
-0.207230
-0.198690
0.429140
0.324975
-0.639905
-0.082749
-0.559007
-0.021110
0.079753
-0.468791
-0.390629
-0.503922
-0.339057
0.890237
-0.671368
-0.636107
-0.399368
-0.410341
-0.729174
-0.732512
-0.011154
-0.125875
-0.466615
-0.027159
0.225040
0.139345
0.516406
-0.030652
0.526981
0.565267
-0.016931
-0.260091
0.215926
0.140800
0.104645
0.693479
0.576691
-0.540476
0.435439
0.383127
-0.746833
0.157065
-0.000970
-0.637643
-0.018999
0.080055
0.405883
0.134139
0.266062
0.504090
-0.557850
0.825744
-0.154541
-0.183031
0.616340
-0.458264
-0.191595
0.684699
-0.498298
0.420637
-0.081682
-0.543066
-0.105263
0.215342
-0.339126
-0.168336
-0.257015
-0.375871
0.390971
0.581855
0.752393
-0.223191
0.214336
0.291632
0.723304
-0.071952
0.586654
-0.753983
0.023842
0.238865
0.799528
0.449895
-0.552476
0.546185
0.467795
0.406890
0.576144
0.777151
-0.006947
-0.319428
-0.726059
0.073346
0.762019
-0.204943
0.812814
0.030491
-0.303907
0.753230
-0.270016
0.663014
0.643470
-0.732912
-0.073281
-0.274979
0.587637
0.689989
0.003828
0.462460
0.557012
0.760340
0.802726
0.236899
0.017425
0.162493
0.709090
0.166214
0.822910
-0.349861
-0.640143
-0.256956
-0.112026
-0.462469
-0.160434
0.674319
0.617626
0.657830
-0.708151
-0.413587
-0.022319
0.747392
-0.395016
0.353171
-0.511057
0.538776
0.439599
0.209771
-0.592699
-0.384395
-0.256835
-0.612454
-0.496181
0.397967
0.726814
0.587990
0.812815
0.444802
-0.245800
-0.062316
-0.494413
0.799040
0.086213
-0.461126
-0.041526
-0.397489
0.759803
-0.043563
-0.775723
-0.638387
0.438684
0.516371
0.542234
-0.338859
0.426689
0.582325
0.555866
-0.186100
0.580467
0.777440
-0.506475
-0.215008
-0.076043
-0.502792
-0.094103
-0.557731
-0.459206
-0.060997
0.106425
0.668845
0.257640
0.380356
0.082680
-0.039803
-0.062746
0.538084
0.291763
-0.174644
0.179186
0.671775
-0.237520
-0.083941
0.031107
0.223217
-0.161863
-0.532056
-0.458219
-0.301478
0.497075
0.758716
-0.158572
-0.289301
-0.765216
0.795857
0.485125
0.649935
0.759313
0.547020
-0.058455
-0.342803
0.384715
-0.664163
-0.337182
-0.791423
-0.321686
0.664291
0.631661
-0.224496
-0.533623
-0.105349
0.546272
-0.132127
0.628054
-0.073448
0.719968
0.652788
-0.038232
-0.467774
-0.289599
-0.148734
-0.163969
-0.541493
-0.798216
0.590220
-0.251479
-0.098249
-0.280605
0.273181
0.779358
-0.250151
0.161062
0.256012
0.488312
-0.658213
0.238351
-0.350498
-0.345255
0.313584
-0.281188
-0.740713
-0.268187
-0.611530
-0.530737
-0.409871
0.163972
-0.526932
-0.791421
-0.239742
0.052794
0.424274
0.713888
-0.621880
-0.233418
0.601699
0.107262
0.478350
0.161415
-0.540545
0.760802
0.794664
-0.155402
0.241795
0.273483
0.598347
-0.228252
0.068422
0.079305
0.059687
-0.663505
0.057363
0.780050
-0.398846
0.435997
-0.339377
-0.451468
0.521846
0.827848
-0.586940
-0.355265
0.173242
0.686221
0.164023
0.804477
-0.698873
-0.055411
-0.529083
0.468101
0.564614
0.804254
0.668687
0.660891
0.500049
0.544493
-0.204604
0.428289
0.518187
0.290724
-0.540048
0.379509
0.111267
-0.265050
-0.781267
-0.197883
0.403373
-0.170963
-0.749864
0.010969
-0.631952
-0.319518
-0.590309
-0.112536
-0.579344
-0.265345
-0.042735
-0.331759
0.374970
0.325623
-0.126659
0.738040
0.780595
0.771566
0.305985
-0.349397
0.075734
-0.015744
0.605175
0.282922
0.054576
-0.229918
0.124393
0.567920
-0.513085
0.271873
0.205420
-0.281418
-0.072398
-0.627488
-0.204813
0.527645
-0.252124
0.248812
0.656384
-0.072599
0.229879
-0.674628
0.230833
0.057741
-0.520932
-0.262838
-0.093339
0.608276
0.359115
0.329760
0.219309
0.084256
0.054517
-0.381108
0.477034
0.406507
-0.044873
-0.382766
0.259741
-0.771825
0.299911
0.051659
0.220634
0.252227
0.642459
0.676348
0.657216
-0.145790
0.752988
0.850494
0.812755
0.693198
0.349648
0.069929
-0.102668
-0.320628
-0.482584
-0.368896