0 -0.000466
17 -0.000054
53 0.000589
62 0.000235
81 -0.000531
86 0.001766
103 0.000128
131 -0.003594
154 -0.000175
176 0.000023
198 -0.001262
222 0.002221
240 -0.000697
266 -0.000951
289 -0.002145
305 0.001626
319 0.001175
329 0.000121
355 -0.001711
369 -0.000049
393 0.003962
415 -0.000962
438 -0.002456
461 -0.002683
476 -0.000462
492 0.000092
507 -0.001923
508 0.002601
524 -0.002503
542 -0.001215
561 0.000095
565 -0.001744
571 0.000964
588 -0.000549
598 0.001228
616 0.000484
635 -0.000042
657 -0.003538
664 -0.000622
671 0.001329
689 -0.001238
708 0.001511
726 -0.003565
733 0.000912
750 0.000905
768 -0.001015
787 0.000028
807 0.001832
826 -0.000411
844 -0.000794
861 -0.000179
880 0.000098
897 -0.004185
909 0.000447
915 -0.002183
916 -0.005246
937 -0.002906
947 -0.000421
967 -0.001410
972 -0.000772
995 0.000861
1019 0.001781
1023 0.000474
1029 -0.000041
1035 0.000215
1049 -0.000562
1053 0.001390
1072 -0.000844
1092 0.000217
1100 0.001477
1116 0.002942
1127 -0.004323
1134 0.000984
1141 -0.000336
1157 -0.000011
1163 -0.001540
1172 0.000891
1199 0.000958
1229 -0.000194
1244 -0.000209
1260 0.004934
1277 0.002506
1295 -0.004331
1314 0.002091
1335 -0.000065
1357 -0.000260
1417 -0.002759
1444 -0.001155
1470 0.002607
1473 -0.000002
1509 0.001751
1535 0.001168
1541 -0.002292
1546 0.000083
1572 0.000665
1577 -0.001240
1581 -0.000587
1588 0.011950
1609 0.000508
1618 0.003005
1631 0.000325
1642 0.000057
1650 0.002783
1666 0.003786
1670 -0.002024
1683 0.000190
1688 0.000262
1707 -0.000138
1726 -0.002156
1731 0.001356
1735 -0.000637
1744 -0.001224
1750 0.000765
1761 0.000914
1774 -0.000186
1790 -0.001991
1800 0.000593
1821 -0.002905
1824 0.002580
1827 -0.000499
1833 -0.000218
1876 -0.000294
1919 0.002449
1926 0.001592
1946 0.000923
1986 0.000343
2193 -0.004249
2341 0.002940
2368 -0.001596
2384 -0.000416
2399 -0.001341
2417 0.000101
2436 -0.000378
2452 0.001992
2468 -0.000487
2485 -0.000244
2500 0.004116
2519 -0.000319
2539 -0.001133
2543 0.000757
2565 0.001765
2584 -0.001800
2600 -0.003848
2616 -0.000552
2624 -0.000515
2642 0.007416
2656 0.001995
2666 0.004353
2685 -0.000386
2707 0.000466
2712 0.002207
2737 -0.000593
2764 -0.000057
2784 -0.001085
2785 0.000451
2807 -0.000976
2827 0.001334
2838 0.000667
2860 0.000182
2880 -0.001578
2898 0.000899
2908 0.000190
2909 0.002720
2927 0.000848
2943 0.000468
2962 -0.001777
2982 -0.000184
3007 -0.000325
3025 0.001545
3040 0.000234
3059 0.000810
3077 0.001392
3095 -0.000455
3113 0.002208
3134 0.001891
3150 -0.001176
3162 -0.000453
3173 0.000852
3178 0.001599
3202 0.001284
3223 0.000604
3229 -0.000216
3238 -0.000215
3246 -0.000698
3254 -0.000035
3269 -0.000001
3280 0.001485
3290 -0.003953
3291 -0.004220
3298 0.000386
3302 0.000818
3312 -0.000502
3319 0.000320
3334 0.000645
3343 -0.000147
3361 0.001027
3367 -0.000029
3387 0.000271
3388 0.001516
3394 0.001046
3402 0.000786
3410 -0.000704
3426 0.001722
3443 -0.002804
3460 0.001587
3499 0.000238
3506 -0.002851
3511 0.000384
3519 0.000242
3541 -0.000004
3544 -0.000071
3604 0.000008
3623 -0.001867
3643 0.000364
3662 0.000125
3687 -0.000915
3713 -0.002312
3741 0.001201
3761 0.001242
3781 0.000545
3804 0.001786
3807 0.001206
3810 -0.000454
3813 -0.001860
3816 0.000814
3822 0.000574
3825 0.000315
3828 -0.001043
3831 -0.000222
3839 -0.002631
3856 0.000678
3872 0.001085
3879 -0.003550
3886 0.003498
3898 -0.001245
3924 0.000027
3935 0.001807
3944 0.002126
3952 0.000165
3975 -0.003688
3979 -0.000012
3984 0.002592
3988 0.000067
3997 0.000297
4016 -0.000379
4020 0.000195
4044 -0.001046
4056 0.000803
4090 -0.000034
4097 0.001357
4105 -0.000863
4109 -0.000146
4137 0.000371
4152 0.000578
4157 0.001992
4161 0.001094
4188 -0.000045
4196 -0.001585
4208 -0.000288
4216 -0.000966
4219 -0.000028
4239 0.001458
4245 0.000331
4258 -0.001970
4281 -0.001730
4284 0.001071
4288 0.001433
4311 -0.000309
4334 0.001123
4355 -0.000098
4361 0.000036
4368 0.000244
4474 -0.000982
4646 -0.000443
4663 -0.001948
4686 0.000791
4715 0.001292
4721 -0.003801
4733 -0.000599
4742 0.002545
4766 -0.002324
4779 0.000130
4789 -0.001226
4807 -0.002461
4833 0.001644
4839 -0.000940
4861 0.000689
4878 0.000696
4900 0.000075
4925 -0.001061
4937 -0.000731
4949 0.000812
4967 0.000469
4987 -0.002328
4991 -0.000294
5007 -0.003584
5008 -0.001094
5017 0.000257
5029 -0.000790
5039 -0.000886
5048 0.000587
5064 0.001422
5069 -0.000178
5080 0.000017
5086 -0.000570
5087 -0.000074
5106 0.001091
5129 0.004095
5135 -0.002801
5159 -0.000311
5168 0.000192
5235 0.001023
5256 0.003624
5277 0.001309
5299 -0.011047
5302 -0.003369
5308 0.000440
5320 0.001656
5326 0.000760
5332 0.000263
5337 -0.000226
5348 -0.000862
5362 -0.000720
5389 -0.000440
5395 0.000113
5406 -0.004612
5411 0.000784
5416 0.000162
5420 -0.000144
5442 -0.000238
5447 -0.000011
5461 -0.001926
5470 -0.000337
5473 -0.001395
5476 0.001265
5581 0.000489
5588 0.001050
5753 -0.001897
5769 -0.001650
5784 -0.000813
5796 -0.000643
5820 -0.000842
5844 0.002827
5864 -0.000169
5892 -0.003928
5910 0.001440
5924 -0.000611
5946 -0.000594
5963 -0.000411
5986 0.001260
6002 -0.000624
6019 -0.000257
6023 -0.000119
6031 -0.000079
6045 -0.000099
6071 0.000342
6099 -0.001291
6122 -0.000041
6153 -0.001647
6178 -0.000516
6198 -0.000927
6203 -0.000454
6227 0.000768
6242 -0.000959
6246 -0.000961
6247 0.002075
6270 0.000771
6298 -0.000579
6323 -0.000136
6348 0.000678
6359 0.001364
6381 0.000430
6408 0.002782
6413 0.000711
6438 0.000636
6461 -0.001559
6468 0.000989
6484 -0.006568
6503 0.003056
6522 -0.000149
6539 0.002522
6558 0.000315
6577 -0.002027
6591 0.003827
6618 0.000447
6635 -0.000996
6653 -0.000586
6661 -0.000654
6687 0.001408
6704 -0.000741
6720 0.000824
6727 -0.002324
6743 -0.000271
6757 -0.000132
6775 0.000669
6792 0.000648
6809 0.001389
6813 -0.002227
6821 0.001341
6842 -0.000798
6859 -0.001231
6869 -0.000107
6895 -0.000604
6903 -0.000539
6910 -0.000078
6928 0.000273
6945 -0.000898
6960 -0.000284
6977 0.000324
6994 0.001000
7017 -0.000637
7034 0.000441
7049 -0.001135
7067 -0.000049
7073 0.000368
7088 -0.000011
7092 0.000311
7098 0.004764
7110 -0.001591
7129 -0.000475
7130 0.004038
7141 0.000463
7146 0.004151
7163 -0.000913
7172 -0.000856
7178 -0.001105
7189 0.000119
7209 0.002239
7230 0.000398
7251 -0.001438
7272 -0.000709
7295 -0.000599
7319 0.001012
7339 -0.001206
7352 0.000688
7373 0.000570
7392 0.000815
7405 0.000687
7431 0.000867
7459 -0.000459
7484 -0.000442
7490 -0.002421
7500 0.000035
7503 0.000205
7521 -0.003460
7524 -0.001721
7542 -0.000618
7551 -0.001195
7563 -0.003706
7580 0.002112
7599 0.004767
7612 -0.002152
7635 -0.000700
7661 0.000710
7680 -0.000695
7694 0.000439
7709 0.000467
7745 -0.000840
7748 0.000874
7749 -0.001494
7768 0.001203
7797 -0.000188
7823 0.003452
7843 0.000067
7846 0.000252
7849 -0.001530
7852 -0.001324
7858 -0.000179
7880 -0.001945
7886 0.000731
7929 0.003140
7938 -0.000401
7958 0.000145
7979 0.000059
7985 -0.000906
7990 0.002031
8013 0.000224
8025 -0.000134
8029 0.000530
8046 0.001350
8050 0.000428
8060 -0.000264
8069 -0.000564
8075 -0.000183
8085 -0.000255
8093 -0.000431
8114 -0.000221
8124 -0.000647
8153 -0.000692
8169 -0.000170
8174 0.001837
8179 0.001021
8185 -0.003259
8188 -0.001723
8206 0.000865
8236 -0.000546
8239 0.001272
8246 -0.000119
8249 -0.002546
8252 0.000327
8255 -0.000825
8261 0.001632
8272 0.001769
8275 -0.000421
8282 0.000607
8285 0.001651
8293 -0.000397
8304 -0.000055
8324 -0.000355
8337 0.003012
8344 0.001936
8351 -0.000063
8355 -0.000279
8378 -0.001218
8403 -0.000143
8406 0.001283
8416 0.000249
8420 -0.004380
8428 0.002172
8485 0.001742
8520 0.001779
8554 -0.002723
8560 -0.000206
8621 0.000981
8634 -0.000322
8651 -0.001003
8682 0.003843
8701 0.001763
9013 -0.000788
9030 -0.000635
9056 -0.001069
9060 -0.000406
9083 -0.000716
9110 0.000485
9131 -0.002934
9144 0.000151
9174 0.000053
9193 -0.003227
9216 0.001939
9246 -0.000759
9259 0.001637
9268 0.000382
9288 0.000759
9308 -0.000056
9334 0.000413
9356 0.002142
9382 -0.000597
9407 -0.001201
9431 0.000980
9447 0.000472
9451 -0.002269
9471 -0.000615
9495 -0.000007
9518 0.000009
9538 -0.002755
9547 0.000738
9558 -0.000769
9578 -0.000362
9593 -0.000055
9594 -0.001509
9611 -0.002986
9624 -0.002559
9637 0.000400
9655 0.000289
9676 0.001844
9695 0.000372
9722 -0.001841
9745 -0.000672
9772 -0.000625
9794 -0.000185
9798 0.000833
9816 0.000261
9838 0.001194
9857 0.001570
9874 0.001396
9897 0.001604
9918 0.002626
9942 -0.002616
9966 0.001650
9975 0.000251
9996 0.001611
10011 -0.001073
10029 -0.000768
10049 0.004457
10057 0.001931
10058 -0.005586
10076 -0.000527
10092 0.000537
10095 -0.001013
10115 -0.000338
10134 0.000870
10155 -0.000088
10169 -0.000380
10188 0.001888
10198 0.000818
10216 0.001158
10319 -0.000824
10338 0.002168
10341 -0.000397
10363 -0.002707
10389 -0.000737
10393 -0.000518
10415 -0.000673
10421 0.001130
10438 0.003694
10447 -0.000081
10456 -0.002327
10464 0.000971
10467 -0.001056
10468 0.000794
10481 0.000647
10507 -0.001347
10510 -0.000655
10536 -0.000945
10563 0.002093
10569 0.000234
10594 -0.000050
10598 0.002933
10602 0.000418
10625 -0.000095
10630 -0.000247
10646 0.001348
10664 -0.002417
10686 -0.000027
10691 0.004173
10694 -0.005041
10712 0.002438
10734 0.003972
10743 -0.000444
10752 -0.000354
10764 0.001028
10776 -0.004240
10781 0.000095
10835 -0.000715
10845 0.002950
10851 0.004861
10868 -0.001721
10904 0.002144
